Pasos - Plot 0	Amplitude - Plot 0	
7429.0	0.0	
7430.0	0.0	
7431.0	0.0	
7432.0	0.0	
7433.0	0.0	
7434.0	0.0	
7435.0	0.0	
7436.0	0.0	
7437.0	0.0	
7438.0	0.0	
7439.0	0.0	
7440.0	0.0	
7441.0	0.0	
7442.0	0.0	
7443.0	0.0	
7444.0	0.0	
7445.0	0.0	
7446.0	0.0	
7447.0	0.0	
7448.0	0.0	
7449.0	0.0	
7450.0	0.0	
7451.0	0.0	
7452.0	0.0	
7453.0	0.0	
7454.0	0.0	
7455.0	0.0	
7456.0	0.0	
7457.0	0.0	
7458.0	0.0	
7459.0	0.0	
7460.0	0.0	
7461.0	0.0	
7462.0	0.0	
7463.0	0.0	
7464.0	0.0	
7465.0	0.0	
7466.0	0.0	
7467.0	0.0	
7468.0	0.0	
7469.0	0.0	
7470.0	0.0	
7471.0	0.0	
7472.0	0.0	
7473.0	0.0	
7474.0	0.0	
7475.0	0.0	
7476.0	0.0	
7477.0	0.0	
7478.0	0.0	
7479.0	0.0	
7480.0	0.0	
7481.0	0.0	
7482.0	0.0	
7483.0	0.0	
7484.0	0.0	
7485.0	0.0	
7486.0	0.0	
7487.0	0.0	
7488.0	0.0	
7489.0	0.0	
7490.0	0.0	
7491.0	0.0	
7492.0	0.0	
7493.0	0.0	
7494.0	0.0	
7495.0	0.0	
7496.0	0.0	
7497.0	0.0	
7498.0	0.0	
7499.0	0.0	
7500.0	0.0	
7501.0	0.0	
7502.0	0.0	
7503.0	0.0	
7504.0	0.0	
7505.0	0.0	
7506.0	0.0	
7507.0	0.0	
7508.0	0.0	
7509.0	0.0	
7510.0	0.0	
7511.0	0.0	
7512.0	0.0	
7513.0	0.0	
7514.0	0.0	
7515.0	0.0	
7516.0	0.0	
7517.0	0.0	
7518.0	0.0	
7519.0	0.0	
7520.0	0.0	
7521.0	0.0	
7522.0	0.0	
7523.0	0.0	
7524.0	0.0	
7525.0	0.0	
7526.0	0.0	
7527.0	0.0	
7528.0	0.0	
7529.0	0.0	
7530.0	0.0	
7531.0	0.0	
7532.0	0.0	
7533.0	0.0	
7534.0	0.0	
7535.0	0.0	
7536.0	0.0	
7537.0	0.0	
7538.0	0.0	
7539.0	0.0	
7540.0	0.0	
7541.0	0.0	
7542.0	0.0	
7543.0	0.0	
7544.0	0.0	
7545.0	0.0	
7546.0	0.0	
7547.0	0.0	
7548.0	0.0	
7549.0	0.0	
7550.0	0.0	
7551.0	0.0	
7552.0	0.0	
7553.0	0.0	
7554.0	0.0	
7555.0	0.0	
7556.0	0.0	
7557.0	0.0	
7558.0	0.0	
7559.0	0.0	
7560.0	0.0	
7561.0	0.0	
7562.0	0.0	
7563.0	0.0	
7564.0	0.0	
7565.0	0.0	
7566.0	0.0	
7567.0	0.0	
7568.0	0.0	
7569.0	0.0	
7570.0	0.0	
7571.0	0.0	
7572.0	0.0	
7573.0	0.0	
7574.0	0.0	
7575.0	0.0	
7576.0	0.0	
7577.0	0.0	
7578.0	0.0	
7579.0	0.0	
7580.0	0.0	
7581.0	0.0	
7582.0	0.0	
7583.0	0.0	
7584.0	0.0	
7585.0	0.0	
7586.0	0.0	
7587.0	0.0	
7588.0	0.0	
7589.0	0.0	
7590.0	0.0	
7591.0	0.0	
7592.0	0.0	
7593.0	0.0	
7594.0	0.0	
7595.0	0.0	
7596.0	0.0	
7597.0	0.0	
7598.0	0.0	
7599.0	0.0	
7600.0	0.0	
7601.0	0.0	
7602.0	0.0	
7603.0	0.0	
7604.0	0.0	
7605.0	0.0	
7606.0	0.0	
7607.0	0.0	
7608.0	0.0	
7609.0	0.0	
7610.0	0.0	
7611.0	0.0	
7612.0	0.0	
7613.0	0.0	
7614.0	0.0	
7615.0	0.0	
7616.0	0.0	
7617.0	0.0	
7618.0	0.0	
7619.0	0.0	
7620.0	0.0	
7621.0	0.0	
7622.0	0.0	
7623.0	0.0	
7624.0	0.0	
7625.0	0.0	
7626.0	0.0	
7627.0	0.0	
7628.0	0.0	
7629.0	0.0	
7630.0	0.0	
7631.0	0.0	
7632.0	0.0	
7633.0	0.0	
7634.0	0.0	
7635.0	0.0	
7636.0	0.0	
7637.0	0.0	
7638.0	0.0	
7639.0	0.0	
7640.0	0.0	
7641.0	0.0	
7642.0	0.0	
7643.0	0.0	
7644.0	0.0	
7645.0	0.0	
7646.0	0.0	
7647.0	0.0	
7648.0	0.0	
7649.0	0.0	
7650.0	0.0	
7651.0	0.0	
7652.0	0.0	
7653.0	0.0	
7654.0	0.0	
7655.0	0.0	
7656.0	0.0	
7657.0	0.0	
7658.0	0.0	
7659.0	0.0	
7660.0	0.0	
7661.0	0.0	
7662.0	0.0	
7663.0	0.0	
7664.0	0.0	
7665.0	0.0	
7666.0	0.0	
7667.0	0.0	
7668.0	0.0	
7669.0	0.0	
7670.0	0.0	
7671.0	0.0	
7672.0	0.0	
7673.0	0.0	
7674.0	0.0	
7675.0	0.0	
7676.0	0.0	
7677.0	0.0	
7678.0	0.0	
7679.0	0.0	
7680.0	0.0	
7681.0	0.0	
7682.0	0.0	
7683.0	0.0	
7684.0	0.0	
7685.0	0.0	
7686.0	0.0	
7687.0	0.0	
7688.0	0.0	
7689.0	0.0	
7690.0	0.0	
7691.0	0.0	
7692.0	0.0	
7693.0	0.0	
7694.0	0.0	
7695.0	0.0	
7696.0	0.0	
7697.0	0.0	
7698.0	0.0	
7699.0	0.0	
7700.0	0.0	
7701.0	0.0	
7702.0	0.0	
7703.0	0.0	
7704.0	0.0	
7705.0	0.0	
7706.0	0.0	
7707.0	0.0	
7708.0	0.0	
7709.0	0.0	
7710.0	0.0	
7711.0	0.0	
7712.0	0.0	
7713.0	0.0	
7714.0	0.0	
7715.0	0.0	
7716.0	0.0	
7717.0	0.0	
7718.0	0.0	
7719.0	0.0	
7720.0	0.0	
7721.0	0.0	
7722.0	0.0	
7723.0	0.0	
7724.0	0.0	
7725.0	0.0	
7726.0	0.0	
7727.0	0.0	
7728.0	0.0	
7729.0	0.0	
7730.0	0.0	
7731.0	0.0	
7732.0	0.0	
7733.0	0.0	
7734.0	0.0	
7735.0	0.0	
7736.0	0.0	
7737.0	0.0	
7738.0	0.0	
7739.0	0.0	
7740.0	0.0	
7741.0	0.0	
7742.0	0.0	
7743.0	0.0	
7744.0	0.0	
7745.0	0.0	
7746.0	0.0	
7747.0	0.0	
7748.0	0.0	
7749.0	0.0	
7750.0	0.0	
7751.0	0.0	
7752.0	0.0	
7753.0	0.0	
7754.0	0.0	
7755.0	0.0	
7756.0	0.0	
7757.0	0.0	
7758.0	0.0	
7759.0	0.0	
7760.0	0.0	
7761.0	0.0	
7762.0	0.0	
7763.0	0.0	
7764.0	0.0	
7765.0	0.0	
7766.0	0.0	
7767.0	0.0	
7768.0	0.0	
7769.0	0.0	
7770.0	0.0	
7771.0	0.0	
7772.0	0.0	
7773.0	0.0	
7774.0	0.0	
7775.0	0.0	
7776.0	0.0	
7777.0	0.0	
7778.0	0.0	
7779.0	0.0	
7780.0	0.0	
7781.0	0.0	
7782.0	0.0	
7783.0	0.0	
7784.0	0.0	
7785.0	0.0	
7786.0	0.0	
7787.0	0.0	
7788.0	0.0	
7789.0	0.0	
7790.0	0.0	
7791.0	0.0	
7792.0	0.0	
7793.0	0.0	
7794.0	0.0	
7795.0	0.0	
7796.0	0.0	
7797.0	0.0	
7798.0	0.0	
7799.0	0.0	
7800.0	0.0	
7801.0	0.0	
7802.0	0.0	
7803.0	0.0	
7804.0	0.0	
7805.0	0.0	
7806.0	0.0	
7807.0	0.0	
7808.0	0.0	
7809.0	0.0	
7810.0	0.0	
7811.0	0.0	
7812.0	0.0	
7813.0	0.0	
7814.0	0.0	
7815.0	0.0	
7816.0	0.0	
7817.0	0.0	
7818.0	0.0	
7819.0	0.0	
7820.0	0.0	
7821.0	0.0	
7822.0	0.0	
7823.0	0.0	
7824.0	0.0	
7825.0	0.0	
7826.0	0.0	
7827.0	0.0	
7828.0	0.0	
7829.0	0.0	
7830.0	0.0	
7831.0	0.0	
7832.0	0.0	
7833.0	0.0	
7834.0	0.0	
7835.0	0.0	
7836.0	0.0	
7837.0	0.0	
7838.0	0.0	
7839.0	0.0	
7840.0	0.0	
7841.0	0.0	
7842.0	0.0	
7843.0	0.0	
7844.0	0.0	
7845.0	0.0	
7846.0	0.0	
7847.0	0.0	
7848.0	0.0	
7849.0	0.0	
7850.0	0.0	
7851.0	0.0	
7852.0	0.0	
7853.0	0.0	
7854.0	0.0	
7855.0	0.0	
7856.0	0.0	
7857.0	0.0	
7858.0	0.0	
7859.0	0.0	
7860.0	0.0	
7861.0	0.0	
7862.0	0.0	
7863.0	0.0	
7864.0	0.0	
7865.0	0.0	
7866.0	0.0	
7867.0	0.0	
7868.0	0.0	
7869.0	0.0	
7870.0	0.0	
7871.0	0.0	
7872.0	0.0	
7873.0	0.0	
7874.0	0.0	
7875.0	0.0	
7876.0	0.0	
7877.0	0.0	
7878.0	0.0	
7879.0	0.0	
7880.0	0.0	
7881.0	0.0	
7882.0	0.0	
7883.0	0.0	
7884.0	0.0	
7885.0	0.0	
7886.0	0.0	
7887.0	0.0	
7888.0	0.0	
7889.0	0.0	
7890.0	0.0	
7891.0	0.0	
7892.0	0.0	
7893.0	0.0	
7894.0	0.0	
7895.0	0.0	
7896.0	0.0	
7897.0	0.0	
7898.0	0.0	
7899.0	0.0	
7900.0	0.0	
7901.0	0.0	
7902.0	0.0	
7903.0	0.0	
7904.0	0.0	
7905.0	0.0	
7906.0	0.0	
7907.0	0.0	
7908.0	0.0	
7909.0	0.0	
7910.0	0.0	
7911.0	0.0	
7912.0	0.0	
7913.0	0.0	
7914.0	0.0	
7915.0	0.0	
7916.0	0.0	
7917.0	0.0	
7918.0	0.0	
7919.0	0.0	
7920.0	0.0	
7921.0	0.0	
7922.0	0.0	
7923.0	0.0	
7924.0	0.0	
7925.0	0.0	
7926.0	0.0	
7927.0	0.0	
7928.0	0.0	
7929.0	0.0	
7930.0	0.0	
7931.0	0.0	
7932.0	0.0	
7933.0	0.0	
7934.0	0.0	
7935.0	0.0	
7936.0	0.0	
7937.0	0.0	
7938.0	0.0	
7939.0	0.0	
7940.0	0.0	
7941.0	0.0	
7942.0	0.0	
7943.0	0.0	
7944.0	0.0	
7945.0	0.0	
7946.0	0.0	
7947.0	0.0	
7948.0	0.0	
7949.0	0.0	
7950.0	0.0	
7951.0	0.0	
7952.0	0.0	
7953.0	0.0	
7954.0	0.0	
7955.0	0.0	
7956.0	0.0	
7957.0	0.0	
7958.0	0.0	
7959.0	0.0	
7960.0	0.0	
7961.0	0.0	
7962.0	0.0	
7963.0	0.0	
7964.0	0.0	
7965.0	0.0	
7966.0	0.0	
7967.0	0.0	
7968.0	0.0	
7969.0	0.0	
7970.0	0.0	
7971.0	0.0	
7972.0	0.0	
7973.0	0.0	
7974.0	0.0	
7975.0	0.0	
7976.0	0.0	
7977.0	0.0	
7978.0	0.0	
7979.0	0.0	
7980.0	0.0	
7981.0	0.0	
7982.0	0.0	
7983.0	0.0	
7984.0	0.0	
7985.0	0.0	
7986.0	0.0	
7987.0	0.0	
7988.0	0.0	
7989.0	0.0	
7990.0	0.0	
7991.0	0.0	
7992.0	0.0	
7993.0	0.0	
7994.0	0.0	
7995.0	0.0	
7996.0	0.0	
7997.0	0.0	
7998.0	0.0	
7999.0	0.0	
8000.0	0.0	
8001.0	0.0	
8002.0	0.0	
8003.0	0.0	
8004.0	0.0	
8005.0	0.0	
8006.0	0.0	
8007.0	0.0	
8008.0	0.0	
8009.0	0.0	
8010.0	0.0	
8011.0	0.0	
8012.0	0.0	
8013.0	0.0	
8014.0	0.0	
8015.0	0.0	
8016.0	0.0	
8017.0	0.0	
8018.0	0.0	
8019.0	0.0	
8020.0	0.0	
8021.0	0.0	
8022.0	0.0	
8023.0	0.0	
8024.0	0.0	
8025.0	0.0	
8026.0	0.0	
8027.0	0.0	
8028.0	0.0	
8029.0	0.0	
8030.0	0.0	
8031.0	0.0	
8032.0	0.0	
8033.0	0.0	
8034.0	0.0	
8035.0	0.0	
8036.0	0.0	
8037.0	0.0	
8038.0	0.0	
8039.0	0.0	
8040.0	0.0	
8041.0	0.0	
8042.0	0.0	
8043.0	0.0	
8044.0	0.0	
8045.0	0.0	
8046.0	0.0	
8047.0	0.0	
8048.0	0.0	
8049.0	0.0	
8050.0	0.0	
8051.0	0.0	
8052.0	0.0	
8053.0	0.0	
8054.0	0.0	
8055.0	0.0	
8056.0	0.0	
8057.0	0.0	
8058.0	0.0	
8059.0	0.0	
8060.0	0.0	
8061.0	0.0	
8062.0	0.0	
8063.0	0.0	
8064.0	0.0	
8065.0	0.0	
8066.0	0.0	
8067.0	0.0	
8068.0	0.0	
8069.0	0.0	
8070.0	0.0	
8071.0	0.0	
8072.0	0.0	
8073.0	0.0	
8074.0	0.0	
8075.0	0.0	
8076.0	0.0	
8077.0	0.0	
8078.0	0.0	
8079.0	0.0	
8080.0	0.0	
8081.0	0.0	
8082.0	0.0	
8083.0	0.0	
8084.0	0.0	
8085.0	0.0	
8086.0	0.0	
8087.0	0.0	
8088.0	0.0	
8089.0	0.0	
8090.0	0.0	
8091.0	0.0	
8092.0	0.0	
8093.0	0.0	
8094.0	0.0	
8095.0	0.0	
8096.0	0.0	
8097.0	0.0	
8098.0	0.0	
8099.0	0.0	
8100.0	0.0	
8101.0	0.0	
8102.0	0.0	
8103.0	0.0	
8104.0	0.0	
8105.0	0.0	
8106.0	0.0	
8107.0	0.0	
8108.0	0.0	
8109.0	0.0	
8110.0	0.0	
8111.0	0.0	
8112.0	0.0	
8113.0	0.0	
8114.0	0.0	
8115.0	0.0	
8116.0	0.0	
8117.0	0.0	
8118.0	0.0	
8119.0	0.0	
8120.0	0.0	
8121.0	0.0	
8122.0	0.0	
8123.0	0.0	
8124.0	0.0	
8125.0	0.0	
8126.0	0.0	
8127.0	0.0	
8128.0	0.0	
8129.0	0.0	
8130.0	0.0	
8131.0	0.0	
8132.0	0.0	
8133.0	0.0	
8134.0	0.0	
8135.0	0.0	
8136.0	0.0	
8137.0	0.0	
8138.0	0.0	
8139.0	0.0	
8140.0	0.0	
8141.0	0.0	
8142.0	0.0	
8143.0	0.0	
8144.0	0.0	
8145.0	0.0	
8146.0	0.0	
8147.0	0.0	
8148.0	0.0	
8149.0	0.0	
8150.0	0.0	
8151.0	0.0	
8152.0	0.0	
8153.0	0.0	
8154.0	0.0	
8155.0	0.0	
8156.0	0.0	
8157.0	0.0	
8158.0	0.0	
8159.0	0.0	
8160.0	0.0	
8161.0	0.0	
8162.0	0.0	
8163.0	0.0	
8164.0	0.0	
8165.0	0.0	
8166.0	0.0	
8167.0	0.0	
8168.0	0.0	
8169.0	0.0	
8170.0	0.0	
8171.0	0.0	
8172.0	0.0	
8173.0	0.0	
8174.0	0.0	
8175.0	0.0	
8176.0	0.0	
8177.0	0.0	
8178.0	0.0	
8179.0	0.0	
8180.0	0.0	
8181.0	0.0	
8182.0	0.0	
8183.0	0.0	
8184.0	0.0	
8185.0	0.0	
8186.0	0.0	
8187.0	0.0	
8188.0	0.0	
8189.0	0.0	
8190.0	0.0	
8191.0	0.0	
8192.0	0.0	
8193.0	0.0	
8194.0	0.0	
8195.0	0.0	
8196.0	0.0	
8197.0	0.0	
8198.0	0.0	
8199.0	0.0	
8200.0	0.0	
8201.0	0.0	
8202.0	0.0	
8203.0	0.0	
8204.0	0.0	
8205.0	0.0	
8206.0	0.0	
8207.0	0.0	
8208.0	0.0	
8209.0	0.0	
8210.0	0.0	
8211.0	0.0	
8212.0	0.0	
8213.0	0.0	
8214.0	0.0	
8215.0	0.0	
8216.0	0.0	
8217.0	0.0	
8218.0	0.0	
8219.0	0.0	
8220.0	0.0	
8221.0	0.0	
8222.0	0.0	
8223.0	0.0	
8224.0	0.0	
8225.0	0.0	
8226.0	0.0	
8227.0	0.0	
8228.0	0.0	
8229.0	0.0	
8230.0	0.0	
8231.0	0.0	
8232.0	0.0	
8233.0	0.0	
8234.0	0.0	
8235.0	0.0	
8236.0	0.0	
8237.0	0.0	
8238.0	0.0	
8239.0	0.0	
8240.0	0.0	
8241.0	0.0	
8242.0	0.0	
8243.0	0.0	
8244.0	0.0	
8245.0	0.0	
8246.0	0.0	
8247.0	0.0	
8248.0	0.0	
8249.0	0.0	
8250.0	0.0	
8251.0	0.0	
8252.0	0.0	
8253.0	0.0	
8254.0	0.0	
8255.0	0.0	
8256.0	0.0	
8257.0	0.0	
8258.0	0.0	
8259.0	0.0	
8260.0	0.0	
8261.0	0.0	
8262.0	0.0	
8263.0	0.0	
8264.0	0.0	
8265.0	0.0	
8266.0	0.0	
8267.0	0.0	
8268.0	0.0	
8269.0	0.0	
8270.0	0.0	
8271.0	0.0	
8272.0	0.0	
8273.0	0.0	
8274.0	0.0	
8275.0	0.0	
8276.0	0.0	
8277.0	0.0	
8278.0	0.0	
8279.0	0.0	
8280.0	0.0	
8281.0	0.0	
8282.0	0.0	
8283.0	0.0	
8284.0	0.0	
8285.0	0.0	
8286.0	0.0	
8287.0	0.0	
8288.0	0.0	
8289.0	0.0	
8290.0	0.0	
8291.0	0.0	
8292.0	0.0	
8293.0	0.0	
8294.0	0.0	
8295.0	0.0	
8296.0	0.0	
8297.0	0.0	
8298.0	0.0	
8299.0	0.0	
8300.0	0.0	
8301.0	0.0	
8302.0	0.0	
8303.0	0.0	
8304.0	0.0	
8305.0	0.0	
8306.0	0.0	
8307.0	0.0	
8308.0	0.0	
8309.0	0.0	
8310.0	0.0	
8311.0	0.0	
8312.0	0.0	
8313.0	0.0	
8314.0	0.0	
8315.0	0.0	
8316.0	0.0	
8317.0	0.0	
8318.0	0.0	
8319.0	0.0	
8320.0	0.0	
8321.0	0.0	
8322.0	0.0	
8323.0	0.0	
8324.0	0.0	
8325.0	0.0	
8326.0	0.0	
8327.0	0.0	
8328.0	0.0	
8329.0	0.0	
8330.0	0.0	
8331.0	0.0	
8332.0	0.0	
8333.0	0.0	
8334.0	0.0	
8335.0	0.0	
8336.0	0.0	
8337.0	0.0	
8338.0	0.0	
8339.0	0.0	
8340.0	0.0	
8341.0	0.0	
8342.0	0.0	
8343.0	0.0	
8344.0	0.0	
8345.0	0.0	
8346.0	0.0	
8347.0	0.0	
8348.0	0.0	
8349.0	0.0	
8350.0	0.0	
8351.0	0.0	
8352.0	0.0	
8353.0	0.0	
8354.0	0.0	
8355.0	0.0	
8356.0	0.0	
8357.0	0.0	
8358.0	0.0	
8359.0	0.0	
8360.0	0.0	
8361.0	0.0	
8362.0	0.0	
8363.0	0.0	
8364.0	0.0	
8365.0	0.0	
8366.0	0.0	
8367.0	0.0	
8368.0	0.0	
8369.0	0.0	
8370.0	0.0	
8371.0	0.0	
8372.0	0.0	
8373.0	0.0	
8374.0	0.0	
8375.0	0.0	
8376.0	0.0	
8377.0	0.0	
8378.0	0.0	
8379.0	0.0	
8380.0	0.0	
8381.0	0.0	
8382.0	0.0	
8383.0	0.0	
8384.0	0.0	
8385.0	0.0	
8386.0	0.0	
8387.0	0.0	
8388.0	0.0	
8389.0	0.0	
8390.0	0.0	
8391.0	0.0	
8392.0	0.0	
8393.0	0.0	
8394.0	0.0	
8395.0	0.0	
8396.0	0.0	
8397.0	0.0	
8398.0	0.0	
8399.0	0.0	
8400.0	0.0	
8401.0	0.0	
8402.0	0.0	
8403.0	0.0	
8404.0	0.0	
8405.0	0.0	
8406.0	0.0	
8407.0	0.0	
8408.0	0.0	
8409.0	0.0	
8410.0	0.0	
8411.0	0.0	
8412.0	0.0	
8413.0	0.0	
8414.0	0.0	
8415.0	0.0	
8416.0	0.0	
8417.0	0.0	
8418.0	0.0	
8419.0	0.0	
8420.0	0.0	
8421.0	0.0	
8422.0	0.0	
8423.0	0.0	
8424.0	0.0	
8425.0	0.0	
8426.0	0.0	
8427.0	0.0	
8428.0	0.0	
8429.0	0.0	
8430.0	0.0	
8431.0	0.0	
8432.0	0.0	
8433.0	0.0	
8434.0	0.0	
8435.0	0.0	
8436.0	0.0	
8437.0	0.0	
8438.0	0.0	
8439.0	0.0	
8440.0	0.0	
8441.0	0.0	
8442.0	0.0	
8443.0	0.0	
8444.0	0.0	
8445.0	0.0	
8446.0	0.0	
8447.0	0.0	
8448.0	0.0	
8449.0	0.0	
8450.0	0.0	
8451.0	0.0	
8452.0	0.0	
8453.0	0.0	
8454.0	0.0	
8455.0	0.0	
8456.0	0.0	
8457.0	0.0	
8458.0	0.0	
8459.0	0.0	
8460.0	0.0	
8461.0	0.0	
8462.0	0.0	
8463.0	0.0	
8464.0	0.0	
8465.0	0.0	
8466.0	0.0	
8467.0	0.0	
8468.0	0.0	
8469.0	0.0	
8470.0	0.0	
8471.0	0.0	
8472.0	0.0	
8473.0	0.0	
8474.0	0.0	
8475.0	0.0	
8476.0	0.0	
8477.0	0.0	
8478.0	0.0	
8479.0	0.0	
8480.0	0.0	
8481.0	0.0	
8482.0	0.0	
8483.0	0.0	
8484.0	0.0	
8485.0	0.0	
8486.0	0.0	
8487.0	0.0	
8488.0	0.0	
8489.0	0.0	
8490.0	0.0	
8491.0	0.0	
8492.0	0.0	
8493.0	0.0	
8494.0	0.0	
8495.0	0.0	
8496.0	0.0	
8497.0	0.0	
8498.0	0.0	
8499.0	0.0	
8500.0	0.0	
8501.0	0.0	
8502.0	0.0	
8503.0	0.0	
8504.0	0.0	
8505.0	0.0	
8506.0	0.0	
8507.0	0.0	
8508.0	0.0	
8509.0	0.0	
8510.0	0.0	
8511.0	0.0	
8512.0	0.0	
8513.0	0.0	
8514.0	0.0	
8515.0	0.0	
8516.0	0.0	
8517.0	0.0	
8518.0	0.0	
8519.0	0.0	
8520.0	0.0	
8521.0	0.0	
8522.0	0.0	
8523.0	0.0	
8524.0	0.0	
8525.0	0.0	
8526.0	0.0	
8527.0	0.0	
8528.0	0.0	
8529.0	0.0	
8530.0	0.0	
8531.0	0.0	
8532.0	0.0	
8533.0	0.0	
8534.0	0.0	
8535.0	0.0	
8536.0	0.0	
8537.0	0.0	
8538.0	0.0	
8539.0	0.0	
8540.0	0.0	
8541.0	0.0	
8542.0	0.0	
8543.0	0.0	
8544.0	0.0	
8545.0	0.0	
8546.0	0.0	
8547.0	0.0	
8548.0	0.0	
8549.0	0.0	
8550.0	0.0	
8551.0	0.0	
8552.0	0.0	
8553.0	0.0	
8554.0	0.0	
8555.0	0.0	
8556.0	0.0	
8557.0	0.0	
8558.0	0.0	
8559.0	0.0	
8560.0	0.0	
8561.0	0.0	
8562.0	0.0	
8563.0	0.0	
8564.0	0.0	
8565.0	0.0	
8566.0	0.0	
8567.0	0.0	
8568.0	0.0	
8569.0	0.0	
8570.0	0.0	
8571.0	0.0	
8572.0	0.0	
8573.0	0.0	
8574.0	0.0	
8575.0	0.0	
8576.0	0.0	
8577.0	0.0	
8578.0	0.0	
8579.0	0.0	
8580.0	0.0	
8581.0	0.0	
8582.0	0.0	
8583.0	0.0	
8584.0	0.0	
8585.0	0.0	
8586.0	0.0	
8587.0	0.0	
8588.0	0.0	
8589.0	0.0	
8590.0	0.0	
8591.0	0.0	
8592.0	0.0	
8593.0	0.0	
8594.0	0.0	
8595.0	0.0	
8596.0	0.0	
8597.0	0.0	
8598.0	0.0	
8599.0	0.0	
8600.0	0.0	
8601.0	0.0	
8602.0	0.0	
8603.0	0.0	
8604.0	0.0	
8605.0	0.0	
8606.0	0.0	
8607.0	0.0	
8608.0	0.0	
8609.0	0.0	
8610.0	0.0	
8611.0	0.0	
8612.0	0.0	
8613.0	0.0	
8614.0	0.0	
8615.0	0.0	
8616.0	0.0	
8617.0	0.0	
8618.0	0.0	
8619.0	0.0	
8620.0	0.0	
8621.0	0.0	
8622.0	0.0	
8623.0	0.0	
8624.0	0.0	
8625.0	0.0	
8626.0	0.0	
8627.0	0.0	
8628.0	0.0	
8629.0	0.0	
8630.0	0.0	
8631.0	0.0	
8632.0	0.0	
8633.0	0.0	
8634.0	0.0	
8635.0	0.0	
8636.0	0.0	
8637.0	0.0	
8638.0	0.0	
8639.0	0.0	
8640.0	0.0	
8641.0	0.0	
8642.0	0.0	
8643.0	0.0	
8644.0	0.0	
8645.0	0.0	
8646.0	0.0	
8647.0	0.0	
8648.0	0.0	
8649.0	0.0	
8650.0	0.0	
8651.0	0.0	
8652.0	0.0	
8653.0	0.0	
8654.0	0.0	
8655.0	0.0	
8656.0	0.0	
8657.0	0.0	
8658.0	0.0	
8659.0	0.0	
8660.0	0.0	
8661.0	0.0	
8662.0	0.0	
8663.0	0.0	
8664.0	0.0	
8665.0	0.0	
8666.0	0.0	
8667.0	0.0	
8668.0	0.0	
8669.0	0.0	
8670.0	0.0	
8671.0	0.0	
8672.0	0.0	
8673.0	0.0	
8674.0	0.0	
8675.0	0.0	
8676.0	0.0	
8677.0	0.0	
8678.0	0.0	
8679.0	0.0	
8680.0	0.0	
8681.0	0.0	
8682.0	0.0	
8683.0	0.0	
8684.0	0.0	
8685.0	0.0	
8686.0	0.0	
8687.0	0.0	
8688.0	0.0	
8689.0	0.0	
8690.0	0.0	
8691.0	0.0	
8692.0	0.0	
8693.0	0.0	
8694.0	0.0	
8695.0	0.0	
8696.0	0.0	
8697.0	0.0	
8698.0	0.0	
8699.0	0.0	
8700.0	0.0	
8701.0	0.0	
8702.0	0.0	
8703.0	0.0	
8704.0	0.0	
8705.0	0.0	
8706.0	0.0	
8707.0	0.0	
8708.0	0.0	
8709.0	0.0	
8710.0	0.0	
8711.0	0.0	
8712.0	0.0	
8713.0	0.0	
8714.0	0.0	
8715.0	0.0	
8716.0	0.0	
8717.0	0.0	
8718.0	0.0	
8719.0	0.0	
8720.0	0.0	
8721.0	0.0	
8722.0	0.0	
8723.0	0.0	
8724.0	0.0	
8725.0	0.0	
8726.0	0.0	
8727.0	0.0	
8728.0	0.0	
8729.0	0.0	
8730.0	0.0	
8731.0	0.0	
8732.0	0.0	
8733.0	0.0	
8734.0	0.0	
8735.0	0.0	
8736.0	0.0	
8737.0	0.0	
8738.0	0.0	
8739.0	0.0	
8740.0	0.0	
8741.0	0.0	
8742.0	0.0	
8743.0	0.0	
8744.0	0.0	
8745.0	0.0	
8746.0	0.0	
8747.0	0.0	
8748.0	0.0	
8749.0	0.0	
8750.0	0.0	
8751.0	0.0	
8752.0	0.0	
8753.0	0.0	
8754.0	0.0	
8755.0	0.0	
8756.0	0.0	
8757.0	0.0	
8758.0	0.0	
8759.0	0.0	
8760.0	0.0	
8761.0	0.0	
8762.0	0.0	
8763.0	0.0	
8764.0	0.0	
8765.0	0.0	
8766.0	0.0	
8767.0	0.0	
8768.0	0.0	
8769.0	0.0	
8770.0	0.0	
8771.0	0.0	
8772.0	0.0	
8773.0	0.0	
8774.0	0.0	
8775.0	0.0	
8776.0	0.0	
8777.0	0.0	
8778.0	0.0	
8779.0	0.0	
8780.0	0.0	
8781.0	0.0	
8782.0	0.0	
8783.0	0.0	
8784.0	0.0	
8785.0	0.0	
8786.0	0.0	
8787.0	0.0	
8788.0	0.0	
8789.0	0.0	
8790.0	0.0	
8791.0	0.0	
8792.0	0.0	
8793.0	0.0	
8794.0	0.0	
8795.0	0.0	
8796.0	0.0	
8797.0	0.0	
8798.0	0.0	
8799.0	0.0	
8800.0	0.0	
8801.0	0.0	
8802.0	0.0	
8803.0	0.0	
8804.0	0.0	
8805.0	0.0	
8806.0	0.0	
8807.0	0.0	
8808.0	0.0	
8809.0	0.0	
8810.0	0.0	
8811.0	0.0	
8812.0	0.0	
8813.0	0.0	
8814.0	0.0	
8815.0	0.0	
8816.0	0.0	
8817.0	0.0	
8818.0	0.0	
8819.0	0.0	
8820.0	0.0	
8821.0	0.0	
8822.0	0.0	
8823.0	0.0	
8824.0	0.0	
8825.0	0.0	
8826.0	0.0	
8827.0	0.0	
8828.0	0.0	
8829.0	0.0	
8830.0	0.0	
8831.0	0.0	
8832.0	0.0	
8833.0	0.0	
8834.0	0.0	
8835.0	0.0	
8836.0	0.0	
8837.0	0.0	
8838.0	0.0	
8839.0	0.0	
8840.0	0.0	
8841.0	0.0	
8842.0	0.0	
8843.0	0.0	
8844.0	0.0	
8845.0	0.0	
8846.0	0.0	
8847.0	0.0	
8848.0	0.0	
8849.0	0.0	
8850.0	0.0	
8851.0	0.0	
8852.0	0.0	
8853.0	0.0	
8854.0	0.0	
8855.0	0.0	
8856.0	0.0	
8857.0	0.0	
8858.0	0.0	
8859.0	0.0	
8860.0	0.0	
8861.0	0.0	
8862.0	0.0	
8863.0	0.0	
8864.0	0.0	
8865.0	0.0	
8866.0	0.0	
8867.0	0.0	
8868.0	0.0	
8869.0	0.0	
8870.0	0.0	
8871.0	0.0	
8872.0	0.0	
8873.0	1.0	
8874.0	0.0	
8875.0	0.0	
8876.0	0.0	
8877.0	0.0	
8878.0	0.0	
8879.0	0.0	
8880.0	0.0	
8881.0	0.0	
8882.0	0.0	
8883.0	0.0	
8884.0	0.0	
8885.0	0.0	
8886.0	0.0	
8887.0	0.0	
8888.0	0.0	
8889.0	0.0	
8890.0	0.0	
8891.0	0.0	
8892.0	0.0	
8893.0	0.0	
8894.0	0.0	
8895.0	0.0	
8896.0	0.0	
8897.0	0.0	
8898.0	0.0	
8899.0	0.0	
8900.0	0.0	
8901.0	0.0	
8902.0	0.0	
8903.0	0.0	
8904.0	0.0	
8905.0	1.0	
8906.0	0.0	
8907.0	0.0	
8908.0	0.0	
8909.0	0.0	
8910.0	0.0	
8911.0	1.0	
8912.0	0.0	
8913.0	1.0	
8914.0	0.0	
8915.0	0.0	
8916.0	1.0	
8917.0	0.0	
8918.0	1.0	
8919.0	1.0	
8920.0	0.0	
8921.0	1.0	
8922.0	0.0	
8923.0	0.0	
8924.0	1.0	
8925.0	0.0	
8926.0	1.0	
8927.0	2.0	
8928.0	0.0	
8929.0	2.0	
8930.0	0.0	
8931.0	0.0	
8932.0	2.0	
8933.0	1.0	
8934.0	2.0	
8935.0	2.0	
8936.0	1.0	
8937.0	2.0	
8938.0	1.0	
8939.0	0.0	
8940.0	2.0	
8941.0	0.0	
8942.0	2.0	
8943.0	2.0	
8944.0	1.0	
8945.0	2.0	
8946.0	2.0	
8947.0	1.0	
8948.0	2.0	
8949.0	1.0	
8950.0	2.0	
8951.0	2.0	
8952.0	2.0	
8953.0	2.0	
8954.0	2.0	
8955.0	2.0	
8956.0	2.0	
8957.0	2.0	
8958.0	2.0	
8959.0	2.0	
8960.0	2.0	
8961.0	2.0	
8962.0	2.0	
8963.0	2.0	
8964.0	2.0	
8965.0	2.0	
8966.0	2.0	
8967.0	2.0	
8968.0	2.0	
8969.0	2.0	
8970.0	2.0	
8971.0	2.0	
8972.0	2.0	
8973.0	2.0	
8974.0	2.0	
8975.0	2.0	
8976.0	2.0	
8977.0	2.0	
8978.0	2.0	
8979.0	2.0	
8980.0	2.0	
8981.0	2.0	
8982.0	2.0	
8983.0	3.0	
8984.0	2.0	
8985.0	2.0	
8986.0	3.0	
8987.0	2.0	
8988.0	3.0	
8989.0	2.0	
8990.0	3.0	
8991.0	3.0	
8992.0	2.0	
8993.0	2.0	
8994.0	3.0	
8995.0	2.0	
8996.0	3.0	
8997.0	3.0	
8998.0	3.0	
8999.0	3.0	
9000.0	2.0	
9001.0	3.0	
9002.0	3.0	
9003.0	3.0	
9004.0	3.0	
9005.0	2.0	
9006.0	3.0	
9007.0	3.0	
9008.0	3.0	
9009.0	3.0	
9010.0	3.0	
9011.0	3.0	
9012.0	3.0	
9013.0	3.0	
9014.0	3.0	
9015.0	3.0	
9016.0	3.0	
9017.0	3.0	
9018.0	3.0	
9019.0	3.0	
9020.0	3.0	
9021.0	3.0	
9022.0	3.0	
9023.0	3.0	
9024.0	3.0	
9025.0	3.0	
9026.0	3.0	
9027.0	3.0	
9028.0	3.0	
9029.0	3.0	
9030.0	3.0	
9031.0	3.0	
9032.0	3.0	
9033.0	3.0	
9034.0	3.0	
9035.0	3.0	
9036.0	3.0	
9037.0	3.0	
9038.0	3.0	
9039.0	3.0	
9040.0	3.0	
9041.0	3.0	
9042.0	5.0	
9043.0	3.0	
9044.0	5.0	
9045.0	5.0	
9046.0	3.0	
9047.0	5.0	
9048.0	3.0	
9049.0	4.0	
9050.0	5.0	
9051.0	3.0	
9052.0	5.0	
9053.0	5.0	
9054.0	4.0	
9055.0	5.0	
9056.0	4.0	
9057.0	5.0	
9058.0	5.0	
9059.0	4.0	
9060.0	5.0	
9061.0	5.0	
9062.0	5.0	
9063.0	6.0	
9064.0	5.0	
9065.0	5.0	
9066.0	5.0	
9067.0	4.0	
9068.0	6.0	
9069.0	6.0	
9070.0	6.0	
9071.0	6.0	
9072.0	6.0	
9073.0	6.0	
9074.0	6.0	
9075.0	6.0	
9076.0	6.0	
9077.0	6.0	
9078.0	6.0	
9079.0	6.0	
9080.0	6.0	
9081.0	6.0	
9082.0	6.0	
9083.0	6.0	
9084.0	6.0	
9085.0	6.0	
9086.0	6.0	
9087.0	6.0	
9088.0	6.0	
9089.0	6.0	
9090.0	6.0	
9091.0	6.0	
9092.0	6.0	
9093.0	6.0	
9094.0	6.0	
9095.0	6.0	
9096.0	6.0	
9097.0	6.0	
9098.0	6.0	
9099.0	6.0	
9100.0	6.0	
9101.0	6.0	
9102.0	6.0	
9103.0	6.0	
9104.0	6.0	
9105.0	6.0	
9106.0	6.0	
9107.0	6.0	
9108.0	6.0	
9109.0	6.0	
9110.0	6.0	
9111.0	7.0	
9112.0	6.0	
9113.0	6.0	
9114.0	7.0	
9115.0	6.0	
9116.0	6.0	
9117.0	7.0	
9118.0	6.0	
9119.0	6.0	
9120.0	7.0	
9121.0	7.0	
9122.0	7.0	
9123.0	7.0	
9124.0	7.0	
9125.0	7.0	
9126.0	7.0	
9127.0	7.0	
9128.0	7.0	
9129.0	7.0	
9130.0	7.0	
9131.0	7.0	
9132.0	7.0	
9133.0	7.0	
9134.0	7.0	
9135.0	7.0	
9136.0	7.0	
9137.0	7.0	
9138.0	7.0	
9139.0	7.0	
9140.0	7.0	
9141.0	7.0	
9142.0	7.0	
9143.0	7.0	
9144.0	7.0	
9145.0	7.0	
9146.0	7.0	
9147.0	7.0	
9148.0	7.0	
9149.0	7.0	
9150.0	7.0	
9151.0	7.0	
9152.0	7.0	
9153.0	7.0	
9154.0	7.0	
9155.0	7.0	
9156.0	7.0	
9157.0	7.0	
9158.0	7.0	
9159.0	7.0	
9160.0	7.0	
9161.0	7.0	
9162.0	7.0	
9163.0	7.0	
9164.0	7.0	
9165.0	7.0	
9166.0	7.0	
9167.0	7.0	
9168.0	7.0	
9169.0	7.0	
9170.0	7.0	
9171.0	7.0	
9172.0	7.0	
9173.0	7.0	
9174.0	7.0	
9175.0	7.0	
9176.0	7.0	
9177.0	7.0	
9178.0	7.0	
9179.0	7.0	
9180.0	7.0	
9181.0	7.0	
9182.0	7.0	
9183.0	7.0	
9184.0	8.0	
9185.0	7.0	
9186.0	8.0	
9187.0	7.0	
9188.0	8.0	
9189.0	8.0	
9190.0	7.0	
9191.0	8.0	
9192.0	8.0	
9193.0	8.0	
9194.0	8.0	
9195.0	8.0	
9196.0	8.0	
9197.0	8.0	
9198.0	8.0	
9199.0	9.0	
9200.0	11.0	
9201.0	10.0	
9202.0	11.0	
9203.0	11.0	
9204.0	11.0	
9205.0	11.0	
9206.0	10.0	
9207.0	11.0	
9208.0	11.0	
9209.0	11.0	
9210.0	11.0	
9211.0	11.0	
9212.0	11.0	
9213.0	12.0	
9214.0	11.0	
9215.0	11.0	
9216.0	11.0	
9217.0	11.0	
9218.0	11.0	
9219.0	11.0	
9220.0	12.0	
9221.0	12.0	
9222.0	11.0	
9223.0	12.0	
9224.0	12.0	
9225.0	12.0	
9226.0	12.0	
9227.0	11.0	
9228.0	12.0	
9229.0	12.0	
9230.0	12.0	
9231.0	12.0	
9232.0	12.0	
9233.0	12.0	
9234.0	12.0	
9235.0	12.0	
9236.0	12.0	
9237.0	12.0	
9238.0	12.0	
9239.0	12.0	
9240.0	12.0	
9241.0	12.0	
9242.0	13.0	
9243.0	12.0	
9244.0	12.0	
9245.0	13.0	
9246.0	12.0	
9247.0	12.0	
9248.0	13.0	
9249.0	12.0	
9250.0	13.0	
9251.0	13.0	
9252.0	13.0	
9253.0	13.0	
9254.0	13.0	
9255.0	13.0	
9256.0	14.0	
9257.0	13.0	
9258.0	14.0	
9259.0	14.0	
9260.0	13.0	
9261.0	14.0	
9262.0	14.0	
9263.0	14.0	
9264.0	14.0	
9265.0	14.0	
9266.0	14.0	
9267.0	14.0	
9268.0	14.0	
9269.0	14.0	
9270.0	14.0	
9271.0	14.0	
9272.0	14.0	
9273.0	14.0	
9274.0	14.0	
9275.0	14.0	
9276.0	14.0	
9277.0	15.0	
9278.0	14.0	
9279.0	14.0	
9280.0	15.0	
9281.0	14.0	
9282.0	14.0	
9283.0	15.0	
9284.0	14.0	
9285.0	15.0	
9286.0	15.0	
9287.0	15.0	
9288.0	15.0	
9289.0	14.0	
9290.0	15.0	
9291.0	15.0	
9292.0	15.0	
9293.0	15.0	
9294.0	15.0	
9295.0	15.0	
9296.0	15.0	
9297.0	15.0	
9298.0	15.0	
9299.0	15.0	
9300.0	15.0	
9301.0	15.0	
9302.0	15.0	
9303.0	15.0	
9304.0	15.0	
9305.0	15.0	
9306.0	15.0	
9307.0	15.0	
9308.0	15.0	
9309.0	15.0	
9310.0	15.0	
9311.0	15.0	
9312.0	15.0	
9313.0	15.0	
9314.0	15.0	
9315.0	16.0	
9316.0	16.0	
9317.0	16.0	
9318.0	16.0	
9319.0	16.0	
9320.0	16.0	
9321.0	16.0	
9322.0	16.0	
9323.0	16.0	
9324.0	16.0	
9325.0	17.0	
9326.0	17.0	
9327.0	16.0	
9328.0	18.0	
9329.0	16.0	
9330.0	16.0	
9331.0	17.0	
9332.0	16.0	
9333.0	18.0	
9334.0	18.0	
9335.0	17.0	
9336.0	18.0	
9337.0	18.0	
9338.0	18.0	
9339.0	18.0	
9340.0	18.0	
9341.0	18.0	
9342.0	19.0	
9343.0	19.0	
9344.0	19.0	
9345.0	19.0	
9346.0	18.0	
9347.0	19.0	
9348.0	19.0	
9349.0	19.0	
9350.0	19.0	
9351.0	19.0	
9352.0	19.0	
9353.0	19.0	
9354.0	19.0	
9355.0	19.0	
9356.0	19.0	
9357.0	19.0	
9358.0	19.0	
9359.0	19.0	
9360.0	19.0	
9361.0	19.0	
9362.0	20.0	
9363.0	22.0	
9364.0	20.0	
9365.0	21.0	
9366.0	22.0	
9367.0	20.0	
9368.0	22.0	
9369.0	22.0	
9370.0	23.0	
9371.0	23.0	
9372.0	23.0	
9373.0	23.0	
9374.0	23.0	
9375.0	23.0	
9376.0	23.0	
9377.0	23.0	
9378.0	23.0	
9379.0	24.0	
9380.0	23.0	
9381.0	24.0	
9382.0	24.0	
9383.0	24.0	
9384.0	23.0	
9385.0	24.0	
9386.0	23.0	
9387.0	24.0	
9388.0	24.0	
9389.0	24.0	
9390.0	24.0	
9391.0	24.0	
9392.0	23.0	
9393.0	24.0	
9394.0	24.0	
9395.0	24.0	
9396.0	24.0	
9397.0	24.0	
9398.0	24.0	
9399.0	24.0	
9400.0	24.0	
9401.0	24.0	
9402.0	24.0	
9403.0	24.0	
9404.0	24.0	
9405.0	24.0	
9406.0	24.0	
9407.0	24.0	
9408.0	24.0	
9409.0	24.0	
9410.0	24.0	
9411.0	24.0	
9412.0	24.0	
9413.0	24.0	
9414.0	24.0	
9415.0	24.0	
9416.0	27.0	
9417.0	27.0	
9418.0	25.0	
9419.0	27.0	
9420.0	27.0	
9421.0	26.0	
9422.0	27.0	
9423.0	25.0	
9424.0	27.0	
9425.0	28.0	
9426.0	28.0	
9427.0	28.0	
9428.0	28.0	
9429.0	28.0	
9430.0	28.0	
9431.0	28.0	
9432.0	28.0	
9433.0	28.0	
9434.0	28.0	
9435.0	28.0	
9436.0	28.0	
9437.0	28.0	
9438.0	28.0	
9439.0	28.0	
9440.0	29.0	
9441.0	29.0	
9442.0	29.0	
9443.0	30.0	
9444.0	30.0	
9445.0	29.0	
9446.0	30.0	
9447.0	29.0	
9448.0	30.0	
9449.0	30.0	
9450.0	30.0	
9451.0	30.0	
9452.0	30.0	
9453.0	30.0	
9454.0	30.0	
9455.0	30.0	
9456.0	30.0	
9457.0	30.0	
9458.0	30.0	
9459.0	30.0	
9460.0	30.0	
9461.0	31.0	
9462.0	31.0	
9463.0	31.0	
9464.0	31.0	
9465.0	31.0	
9466.0	31.0	
9467.0	31.0	
9468.0	31.0	
9469.0	31.0	
9470.0	31.0	
9471.0	31.0	
9472.0	31.0	
9473.0	31.0	
9474.0	31.0	
9475.0	31.0	
9476.0	31.0	
9477.0	31.0	
9478.0	31.0	
9479.0	32.0	
9480.0	32.0	
9481.0	32.0	
9482.0	32.0	
9483.0	32.0	
9484.0	32.0	
9485.0	32.0	
9486.0	33.0	
9487.0	32.0	
9488.0	32.0	
9489.0	34.0	
9490.0	34.0	
9491.0	34.0	
9492.0	34.0	
9493.0	34.0	
9494.0	34.0	
9495.0	34.0	
9496.0	34.0	
9497.0	35.0	
9498.0	35.0	
9499.0	35.0	
9500.0	35.0	
9501.0	35.0	
9502.0	35.0	
9503.0	35.0	
9504.0	36.0	
9505.0	37.0	
9506.0	35.0	
9507.0	37.0	
9508.0	37.0	
9509.0	35.0	
9510.0	37.0	
9511.0	38.0	
9512.0	38.0	
9513.0	38.0	
9514.0	38.0	
9515.0	38.0	
9516.0	38.0	
9517.0	38.0	
9518.0	38.0	
9519.0	38.0	
9520.0	38.0	
9521.0	39.0	
9522.0	39.0	
9523.0	38.0	
9524.0	39.0	
9525.0	39.0	
9526.0	39.0	
9527.0	39.0	
9528.0	39.0	
9529.0	39.0	
9530.0	39.0	
9531.0	39.0	
9532.0	39.0	
9533.0	39.0	
9534.0	39.0	
9535.0	39.0	
9536.0	39.0	
9537.0	39.0	
9538.0	39.0	
9539.0	39.0	
9540.0	39.0	
9541.0	39.0	
9542.0	39.0	
9543.0	39.0	
9544.0	39.0	
9545.0	42.0	
9546.0	40.0	
9547.0	41.0	
9548.0	42.0	
9549.0	43.0	
9550.0	43.0	
9551.0	43.0	
9552.0	43.0	
9553.0	44.0	
9554.0	44.0	
9555.0	44.0	
9556.0	44.0	
9557.0	44.0	
9558.0	44.0	
9559.0	45.0	
9560.0	45.0	
9561.0	46.0	
9562.0	45.0	
9563.0	45.0	
9564.0	46.0	
9565.0	45.0	
9566.0	46.0	
9567.0	47.0	
9568.0	47.0	
9569.0	48.0	
9570.0	47.0	
9571.0	47.0	
9572.0	47.0	
9573.0	48.0	
9574.0	48.0	
9575.0	48.0	
9576.0	47.0	
9577.0	47.0	
9578.0	48.0	
9579.0	48.0	
9580.0	48.0	
9581.0	48.0	
9582.0	48.0	
9583.0	48.0	
9584.0	48.0	
9585.0	48.0	
9586.0	48.0	
9587.0	48.0	
9588.0	48.0	
9589.0	48.0	
9590.0	48.0	
9591.0	48.0	
9592.0	48.0	
9593.0	49.0	
9594.0	50.0	
9595.0	49.0	
9596.0	50.0	
9597.0	50.0	
9598.0	50.0	
9599.0	50.0	
9600.0	50.0	
9601.0	51.0	
9602.0	54.0	
9603.0	52.0	
9604.0	55.0	
9605.0	53.0	
9606.0	54.0	
9607.0	55.0	
9608.0	53.0	
9609.0	55.0	
9610.0	55.0	
9611.0	54.0	
9612.0	55.0	
9613.0	55.0	
9614.0	55.0	
9615.0	55.0	
9616.0	55.0	
9617.0	56.0	
9618.0	56.0	
9619.0	56.0	
9620.0	55.0	
9621.0	56.0	
9622.0	56.0	
9623.0	56.0	
9624.0	56.0	
9625.0	56.0	
9626.0	56.0	
9627.0	56.0	
9628.0	56.0	
9629.0	56.0	
9630.0	56.0	
9631.0	59.0	
9632.0	56.0	
9633.0	57.0	
9634.0	57.0	
9635.0	56.0	
9636.0	59.0	
9637.0	59.0	
9638.0	59.0	
9639.0	60.0	
9640.0	60.0	
9641.0	60.0	
9642.0	60.0	
9643.0	60.0	
9644.0	61.0	
9645.0	61.0	
9646.0	61.0	
9647.0	62.0	
9648.0	61.0	
9649.0	61.0	
9650.0	62.0	
9651.0	62.0	
9652.0	62.0	
9653.0	62.0	
9654.0	62.0	
9655.0	63.0	
9656.0	62.0	
9657.0	63.0	
9658.0	63.0	
9659.0	63.0	
9660.0	63.0	
9661.0	63.0	
9662.0	63.0	
9663.0	63.0	
9664.0	63.0	
9665.0	63.0	
9666.0	64.0	
9667.0	63.0	
9668.0	63.0	
9669.0	63.0	
9670.0	63.0	
9671.0	66.0	
9672.0	66.0	
9673.0	66.0	
9674.0	66.0	
9675.0	66.0	
9676.0	66.0	
9677.0	67.0	
9678.0	67.0	
9679.0	68.0	
9680.0	67.0	
9681.0	67.0	
9682.0	67.0	
9683.0	67.0	
9684.0	68.0	
9685.0	70.0	
9686.0	70.0	
9687.0	71.0	
9688.0	70.0	
9689.0	71.0	
9690.0	70.0	
9691.0	70.0	
9692.0	71.0	
9693.0	71.0	
9694.0	70.0	
9695.0	71.0	
9696.0	71.0	
9697.0	71.0	
9698.0	71.0	
9699.0	71.0	
9700.0	71.0	
9701.0	71.0	
9702.0	71.0	
9703.0	71.0	
9704.0	71.0	
9705.0	71.0	
9706.0	71.0	
9707.0	75.0	
9708.0	76.0	
9709.0	76.0	
9710.0	76.0	
9711.0	76.0	
9712.0	76.0	
9713.0	76.0	
9714.0	76.0	
9715.0	77.0	
9716.0	77.0	
9717.0	77.0	
9718.0	77.0	
9719.0	78.0	
9720.0	78.0	
9721.0	77.0	
9722.0	78.0	
9723.0	79.0	
9724.0	79.0	
9725.0	79.0	
9726.0	79.0	
9727.0	79.0	
9728.0	79.0	
9729.0	79.0	
9730.0	79.0	
9731.0	79.0	
9732.0	79.0	
9733.0	79.0	
9734.0	79.0	
9735.0	79.0	
9736.0	80.0	
9737.0	81.0	
9738.0	83.0	
9739.0	83.0	
9740.0	83.0	
9741.0	83.0	
9742.0	82.0	
9743.0	83.0	
9744.0	83.0	
9745.0	83.0	
9746.0	83.0	
9747.0	85.0	
9748.0	86.0	
9749.0	87.0	
9750.0	86.0	
9751.0	87.0	
9752.0	87.0	
9753.0	87.0	
9754.0	87.0	
9755.0	88.0	
9756.0	88.0	
9757.0	88.0	
9758.0	88.0	
9759.0	88.0	
9760.0	88.0	
9761.0	88.0	
9762.0	88.0	
9763.0	88.0	
9764.0	88.0	
9765.0	88.0	
9766.0	88.0	
9767.0	88.0	
9768.0	88.0	
9769.0	89.0	
9770.0	91.0	
9771.0	92.0	
9772.0	92.0	
9773.0	92.0	
9774.0	92.0	
9775.0	92.0	
9776.0	93.0	
9777.0	94.0	
9778.0	95.0	
9779.0	94.0	
9780.0	94.0	
9781.0	95.0	
9782.0	95.0	
9783.0	96.0	
9784.0	96.0	
9785.0	96.0	
9786.0	96.0	
9787.0	96.0	
9788.0	96.0	
9789.0	96.0	
9790.0	96.0	
9791.0	96.0	
9792.0	96.0	
9793.0	96.0	
9794.0	96.0	
9795.0	96.0	
9796.0	97.0	
9797.0	98.0	
9798.0	97.0	
9799.0	98.0	
9800.0	99.0	
9801.0	99.0	
9802.0	99.0	
9803.0	99.0	
9804.0	99.0	
9805.0	101.0	
9806.0	101.0	
9807.0	102.0	
9808.0	103.0	
9809.0	103.0	
9810.0	103.0	
9811.0	103.0	
9812.0	103.0	
9813.0	103.0	
9814.0	103.0	
9815.0	103.0	
9816.0	103.0	
9817.0	103.0	
9818.0	103.0	
9819.0	103.0	
9820.0	103.0	
9821.0	103.0	
9822.0	103.0	
9823.0	103.0	
9824.0	103.0	
9825.0	103.0	
9826.0	103.0	
9827.0	105.0	
9828.0	106.0	
9829.0	108.0	
9830.0	108.0	
9831.0	108.0	
9832.0	108.0	
9833.0	108.0	
9834.0	109.0	
9835.0	109.0	
9836.0	109.0	
9837.0	110.0	
9838.0	110.0	
9839.0	111.0	
9840.0	111.0	
9841.0	111.0	
9842.0	111.0	
9843.0	112.0	
9844.0	112.0	
9845.0	112.0	
9846.0	112.0	
9847.0	112.0	
9848.0	112.0	
9849.0	112.0	
9850.0	114.0	
9851.0	114.0	
9852.0	114.0	
9853.0	114.0	
9854.0	114.0	
9855.0	114.0	
9856.0	115.0	
9857.0	114.0	
9858.0	114.0	
9859.0	115.0	
9860.0	115.0	
9861.0	115.0	
9862.0	115.0	
9863.0	115.0	
9864.0	117.0	
9865.0	118.0	
9866.0	117.0	
9867.0	119.0	
9868.0	119.0	
9869.0	120.0	
9870.0	120.0	
9871.0	120.0	
9872.0	120.0	
9873.0	120.0	
9874.0	120.0	
9875.0	120.0	
9876.0	120.0	
9877.0	120.0	
9878.0	120.0	
9879.0	120.0	
9880.0	120.0	
9881.0	120.0	
9882.0	120.0	
9883.0	120.0	
9884.0	123.0	
9885.0	121.0	
9886.0	124.0	
9887.0	123.0	
9888.0	123.0	
9889.0	123.0	
9890.0	123.0	
9891.0	123.0	
9892.0	124.0	
9893.0	124.0	
9894.0	124.0	
9895.0	124.0	
9896.0	124.0	
9897.0	124.0	
9898.0	124.0	
9899.0	124.0	
9900.0	125.0	
9901.0	124.0	
9902.0	124.0	
9903.0	125.0	
9904.0	126.0	
9905.0	126.0	
9906.0	126.0	
9907.0	126.0	
9908.0	126.0	
9909.0	126.0	
9910.0	126.0	
9911.0	126.0	
9912.0	127.0	
9913.0	127.0	
9914.0	127.0	
9915.0	127.0	
9916.0	127.0	
9917.0	127.0	
9918.0	127.0	
9919.0	127.0	
9920.0	127.0	
9921.0	127.0	
9922.0	127.0	
9923.0	127.0	
9924.0	127.0	
9925.0	127.0	
9926.0	127.0	
9927.0	127.0	
9928.0	127.0	
9929.0	127.0	
9930.0	127.0	
9931.0	127.0	
9932.0	127.0	
9933.0	127.0	
9934.0	127.0	
9935.0	127.0	
9936.0	127.0	
9937.0	127.0	
9938.0	127.0	
9939.0	127.0	
9940.0	128.0	
9941.0	127.0	
9942.0	128.0	
9943.0	127.0	
9944.0	128.0	
9945.0	130.0	
9946.0	128.0	
9947.0	130.0	
9948.0	130.0	
9949.0	128.0	
9950.0	131.0	
9951.0	130.0	
9952.0	130.0	
9953.0	130.0	
9954.0	130.0	
9955.0	130.0	
9956.0	130.0	
9957.0	130.0	
9958.0	131.0	
9959.0	130.0	
9960.0	130.0	
9961.0	130.0	
9962.0	130.0	
9963.0	130.0	
9964.0	130.0	
9965.0	129.0	
9966.0	130.0	
9967.0	129.0	
9968.0	128.0	
9969.0	130.0	
9970.0	130.0	
9971.0	130.0	
9972.0	130.0	
9973.0	128.0	
9974.0	129.0	
9975.0	130.0	
9976.0	128.0	
9977.0	130.0	
9978.0	128.0	
9979.0	127.0	
9980.0	127.0	
9981.0	127.0	
9982.0	127.0	
9983.0	127.0	
9984.0	127.0	
9985.0	127.0	
9986.0	127.0	
9987.0	127.0	
9988.0	127.0	
9989.0	127.0	
9990.0	127.0	
9991.0	127.0	
9992.0	127.0	
9993.0	127.0	
9994.0	127.0	
9995.0	127.0	
9996.0	127.0	
9997.0	127.0	
9998.0	127.0	
9999.0	127.0	
10000.0	127.0	
10001.0	127.0	
10002.0	127.0	
10003.0	127.0	
10004.0	127.0	
10005.0	127.0	
10006.0	127.0	
10007.0	127.0	
10008.0	127.0	
10009.0	127.0	
10010.0	126.0	
10011.0	126.0	
10012.0	126.0	
10013.0	126.0	
10014.0	125.0	
10015.0	126.0	
10016.0	125.0	
10017.0	126.0	
10018.0	126.0	
10019.0	126.0	
10020.0	125.0	
10021.0	124.0	
10022.0	124.0	
10023.0	124.0	
10024.0	124.0	
10025.0	124.0	
10026.0	124.0	
10027.0	124.0	
10028.0	123.0	
10029.0	124.0	
10030.0	124.0	
10031.0	123.0	
10032.0	120.0	
10033.0	122.0	
10034.0	121.0	
10035.0	120.0	
10036.0	120.0	
10037.0	120.0	
10038.0	120.0	
10039.0	120.0	
10040.0	120.0	
10041.0	120.0	
10042.0	120.0	
10043.0	120.0	
10044.0	120.0	
10045.0	120.0	
10046.0	120.0	
10047.0	120.0	
10048.0	117.0	
10049.0	119.0	
10050.0	119.0	
10051.0	118.0	
10052.0	119.0	
10053.0	115.0	
10054.0	115.0	
10055.0	115.0	
10056.0	115.0	
10057.0	115.0	
10058.0	115.0	
10059.0	113.0	
10060.0	114.0	
10061.0	114.0	
10062.0	113.0	
10063.0	114.0	
10064.0	113.0	
10065.0	112.0	
10066.0	112.0	
10067.0	112.0	
10068.0	112.0	
10069.0	112.0	
10070.0	112.0	
10071.0	111.0	
10072.0	109.0	
10073.0	109.0	
10074.0	110.0	
10075.0	110.0	
10076.0	109.0	
10077.0	110.0	
10078.0	110.0	
10079.0	108.0	
10080.0	109.0	
10081.0	108.0	
10082.0	108.0	
10083.0	108.0	
10084.0	108.0	
10085.0	106.0	
10086.0	105.0	
10087.0	103.0	
10088.0	103.0	
10089.0	103.0	
10090.0	103.0	
10091.0	103.0	
10092.0	103.0	
10093.0	103.0	
10094.0	103.0	
10095.0	103.0	
10096.0	103.0	
10097.0	103.0	
10098.0	102.0	
10099.0	101.0	
10100.0	102.0	
10101.0	102.0	
10102.0	99.0	
10103.0	97.0	
10104.0	96.0	
10105.0	96.0	
10106.0	96.0	
10107.0	96.0	
10108.0	96.0	
10109.0	96.0	
10110.0	96.0	
10111.0	96.0	
10112.0	96.0	
10113.0	96.0	
10114.0	96.0	
10115.0	96.0	
10116.0	96.0	
10117.0	95.0	
10118.0	94.0	
10119.0	93.0	
10120.0	93.0	
10121.0	93.0	
10122.0	93.0	
10123.0	88.0	
10124.0	88.0	
10125.0	88.0	
10126.0	88.0	
10127.0	88.0	
10128.0	88.0	
10129.0	88.0	
10130.0	88.0	
10131.0	88.0	
10132.0	88.0	
10133.0	88.0	
10134.0	87.0	
10135.0	87.0	
10136.0	88.0	
10137.0	87.0	
10138.0	87.0	
10139.0	83.0	
10140.0	82.0	
10141.0	82.0	
10142.0	82.0	
10143.0	82.0	
10144.0	83.0	
10145.0	80.0	
10146.0	81.0	
10147.0	80.0	
10148.0	80.0	
10149.0	79.0	
10150.0	79.0	
10151.0	79.0	
10152.0	79.0	
10153.0	78.0	
10154.0	78.0	
10155.0	78.0	
10156.0	78.0	
10157.0	76.0	
10158.0	75.0	
10159.0	76.0	
10160.0	76.0	
10161.0	75.0	
10162.0	76.0	
10163.0	76.0	
10164.0	75.0	
10165.0	71.0	
10166.0	71.0	
10167.0	71.0	
10168.0	71.0	
10169.0	71.0	
10170.0	71.0	
10171.0	71.0	
10172.0	71.0	
10173.0	71.0	
10174.0	71.0	
10175.0	70.0	
10176.0	70.0	
10177.0	69.0	
10178.0	70.0	
10179.0	69.0	
10180.0	67.0	
10181.0	67.0	
10182.0	67.0	
10183.0	63.0	
10184.0	63.0	
10185.0	63.0	
10186.0	63.0	
10187.0	63.0	
10188.0	63.0	
10189.0	63.0	
10190.0	63.0	
10191.0	63.0	
10192.0	63.0	
10193.0	63.0	
10194.0	63.0	
10195.0	63.0	
10196.0	62.0	
10197.0	62.0	
10198.0	62.0	
10199.0	62.0	
10200.0	62.0	
10201.0	60.0	
10202.0	58.0	
10203.0	59.0	
10204.0	60.0	
10205.0	60.0	
10206.0	60.0	
10207.0	59.0	
10208.0	60.0	
10209.0	56.0	
10210.0	56.0	
10211.0	56.0	
10212.0	56.0	
10213.0	56.0	
10214.0	56.0	
10215.0	56.0	
10216.0	56.0	
10217.0	56.0	
10218.0	55.0	
10219.0	56.0	
10220.0	55.0	
10221.0	56.0	
10222.0	56.0	
10223.0	55.0	
10224.0	55.0	
10225.0	55.0	
10226.0	51.0	
10227.0	51.0	
10228.0	48.0	
10229.0	49.0	
10230.0	50.0	
10231.0	48.0	
10232.0	49.0	
10233.0	49.0	
10234.0	49.0	
10235.0	49.0	
10236.0	48.0	
10237.0	48.0	
10238.0	48.0	
10239.0	48.0	
10240.0	48.0	
10241.0	48.0	
10242.0	48.0	
10243.0	48.0	
10244.0	48.0	
10245.0	47.0	
10246.0	48.0	
10247.0	47.0	
10248.0	47.0	
10249.0	47.0	
10250.0	47.0	
10251.0	46.0	
10252.0	46.0	
10253.0	45.0	
10254.0	46.0	
10255.0	44.0	
10256.0	45.0	
10257.0	44.0	
10258.0	44.0	
10259.0	44.0	
10260.0	44.0	
10261.0	44.0	
10262.0	44.0	
10263.0	39.0	
10264.0	40.0	
10265.0	40.0	
10266.0	40.0	
10267.0	40.0	
10268.0	39.0	
10269.0	39.0	
10270.0	39.0	
10271.0	39.0	
10272.0	39.0	
10273.0	39.0	
10274.0	39.0	
10275.0	39.0	
10276.0	39.0	
10277.0	38.0	
10278.0	38.0	
10279.0	38.0	
10280.0	38.0	
10281.0	39.0	
10282.0	38.0	
10283.0	38.0	
10284.0	38.0	
10285.0	38.0	
10286.0	38.0	
10287.0	38.0	
10288.0	38.0	
10289.0	38.0	
10290.0	35.0	
10291.0	35.0	
10292.0	35.0	
10293.0	35.0	
10294.0	35.0	
10295.0	34.0	
10296.0	32.0	
10297.0	34.0	
10298.0	33.0	
10299.0	34.0	
10300.0	34.0	
10301.0	33.0	
10302.0	34.0	
10303.0	32.0	
10304.0	32.0	
10305.0	32.0	
10306.0	32.0	
10307.0	32.0	
10308.0	32.0	
10309.0	31.0	
10310.0	31.0	
10311.0	31.0	
10312.0	31.0	
10313.0	31.0	
10314.0	31.0	
10315.0	31.0	
10316.0	31.0	
10317.0	31.0	
10318.0	31.0	
10319.0	31.0	
10320.0	31.0	
10321.0	31.0	
10322.0	30.0	
10323.0	30.0	
10324.0	31.0	
10325.0	30.0	
10326.0	30.0	
10327.0	30.0	
10328.0	30.0	
10329.0	30.0	
10330.0	30.0	
10331.0	30.0	
10332.0	30.0	
10333.0	29.0	
10334.0	29.0	
10335.0	29.0	
10336.0	29.0	
10337.0	30.0	
10338.0	29.0	
10339.0	29.0	
10340.0	29.0	
10341.0	28.0	
10342.0	28.0	
10343.0	28.0	
10344.0	28.0	
10345.0	28.0	
10346.0	28.0	
10347.0	27.0	
10348.0	27.0	
10349.0	27.0	
10350.0	28.0	
10351.0	28.0	
10352.0	27.0	
10353.0	27.0	
10354.0	24.0	
10355.0	24.0	
10356.0	27.0	
10357.0	24.0	
10358.0	24.0	
10359.0	24.0	
10360.0	24.0	
10361.0	24.0	
10362.0	24.0	
10363.0	24.0	
10364.0	24.0	
10365.0	24.0	
10366.0	24.0	
10367.0	24.0	
10368.0	24.0	
10369.0	24.0	
10370.0	24.0	
10371.0	24.0	
10372.0	24.0	
10373.0	24.0	
10374.0	24.0	
10375.0	24.0	
10376.0	24.0	
10377.0	24.0	
10378.0	24.0	
10379.0	24.0	
10380.0	24.0	
10381.0	24.0	
10382.0	23.0	
10383.0	24.0	
10384.0	24.0	
10385.0	24.0	
10386.0	24.0	
10387.0	23.0	
10388.0	24.0	
10389.0	24.0	
10390.0	23.0	
10391.0	23.0	
10392.0	23.0	
10393.0	23.0	
10394.0	24.0	
10395.0	23.0	
10396.0	23.0	
10397.0	23.0	
10398.0	23.0	
10399.0	23.0	
10400.0	23.0	
10401.0	23.0	
10402.0	23.0	
10403.0	19.0	
10404.0	19.0	
10405.0	19.0	
10406.0	19.0	
10407.0	21.0	
10408.0	19.0	
10409.0	19.0	
10410.0	22.0	
10411.0	19.0	
10412.0	19.0	
10413.0	19.0	
10414.0	19.0	
10415.0	19.0	
10416.0	19.0	
10417.0	18.0	
10418.0	19.0	
10419.0	18.0	
10420.0	19.0	
10421.0	19.0	
10422.0	18.0	
10423.0	19.0	
10424.0	18.0	
10425.0	18.0	
10426.0	19.0	
10427.0	18.0	
10428.0	18.0	
10429.0	18.0	
10430.0	17.0	
10431.0	18.0	
10432.0	18.0	
10433.0	17.0	
10434.0	18.0	
10435.0	16.0	
10436.0	16.0	
10437.0	17.0	
10438.0	16.0	
10439.0	17.0	
10440.0	16.0	
10441.0	16.0	
10442.0	16.0	
10443.0	16.0	
10444.0	16.0	
10445.0	16.0	
10446.0	15.0	
10447.0	16.0	
10448.0	16.0	
10449.0	15.0	
10450.0	16.0	
10451.0	15.0	
10452.0	15.0	
10453.0	15.0	
10454.0	15.0	
10455.0	15.0	
10456.0	15.0	
10457.0	15.0	
10458.0	15.0	
10459.0	15.0	
10460.0	15.0	
10461.0	15.0	
10462.0	15.0	
10463.0	15.0	
10464.0	15.0	
10465.0	15.0	
10466.0	15.0	
10467.0	15.0	
10468.0	15.0	
10469.0	15.0	
10470.0	15.0	
10471.0	15.0	
10472.0	15.0	
10473.0	15.0	
10474.0	15.0	
10475.0	14.0	
10476.0	14.0	
10477.0	15.0	
10478.0	14.0	
10479.0	15.0	
10480.0	15.0	
10481.0	14.0	
10482.0	15.0	
10483.0	14.0	
10484.0	14.0	
10485.0	14.0	
10486.0	14.0	
10487.0	14.0	
10488.0	14.0	
10489.0	14.0	
10490.0	14.0	
10491.0	14.0	
10492.0	14.0	
10493.0	14.0	
10494.0	14.0	
10495.0	14.0	
10496.0	14.0	
10497.0	14.0	
10498.0	14.0	
10499.0	14.0	
10500.0	13.0	
10501.0	14.0	
10502.0	14.0	
10503.0	13.0	
10504.0	14.0	
10505.0	13.0	
10506.0	13.0	
10507.0	14.0	
10508.0	13.0	
10509.0	14.0	
10510.0	13.0	
10511.0	12.0	
10512.0	14.0	
10513.0	12.0	
10514.0	13.0	
10515.0	12.0	
10516.0	12.0	
10517.0	12.0	
10518.0	12.0	
10519.0	12.0	
10520.0	13.0	
10521.0	12.0	
10522.0	12.0	
10523.0	12.0	
10524.0	12.0	
10525.0	12.0	
10526.0	12.0	
10527.0	12.0	
10528.0	12.0	
10529.0	11.0	
10530.0	12.0	
10531.0	12.0	
10532.0	12.0	
10533.0	11.0	
10534.0	11.0	
10535.0	12.0	
10536.0	12.0	
10537.0	11.0	
10538.0	11.0	
10539.0	11.0	
10540.0	8.0	
10541.0	11.0	
10542.0	8.0	
10543.0	7.0	
10544.0	11.0	
10545.0	8.0	
10546.0	8.0	
10547.0	11.0	
10548.0	7.0	
10549.0	8.0	
10550.0	11.0	
10551.0	7.0	
10552.0	7.0	
10553.0	7.0	
10554.0	7.0	
10555.0	7.0	
10556.0	7.0	
10557.0	7.0	
10558.0	7.0	
10559.0	7.0	
10560.0	7.0	
10561.0	7.0	
10562.0	7.0	
10563.0	7.0	
10564.0	7.0	
10565.0	7.0	
10566.0	7.0	
10567.0	7.0	
10568.0	7.0	
10569.0	7.0	
10570.0	7.0	
10571.0	7.0	
10572.0	7.0	
10573.0	7.0	
10574.0	7.0	
10575.0	7.0	
10576.0	7.0	
10577.0	7.0	
10578.0	7.0	
10579.0	7.0	
10580.0	7.0	
10581.0	7.0	
10582.0	7.0	
10583.0	7.0	
10584.0	7.0	
10585.0	7.0	
10586.0	7.0	
10587.0	7.0	
10588.0	7.0	
10589.0	7.0	
10590.0	7.0	
10591.0	7.0	
10592.0	7.0	
10593.0	7.0	
10594.0	7.0	
10595.0	7.0	
10596.0	7.0	
10597.0	7.0	
10598.0	7.0	
10599.0	7.0	
10600.0	7.0	
10601.0	7.0	
10602.0	7.0	
10603.0	7.0	
10604.0	7.0	
10605.0	7.0	
10606.0	7.0	
10607.0	6.0	
10608.0	6.0	
10609.0	7.0	
10610.0	6.0	
10611.0	7.0	
10612.0	6.0	
10613.0	6.0	
10614.0	7.0	
10615.0	6.0	
10616.0	7.0	
10617.0	6.0	
10618.0	6.0	
10619.0	6.0	
10620.0	7.0	
10621.0	6.0	
10622.0	7.0	
10623.0	6.0	
10624.0	6.0	
10625.0	6.0	
10626.0	6.0	
10627.0	6.0	
10628.0	6.0	
10629.0	6.0	
10630.0	6.0	
10631.0	6.0	
10632.0	6.0	
10633.0	6.0	
10634.0	6.0	
10635.0	6.0	
10636.0	6.0	
10637.0	6.0	
10638.0	6.0	
10639.0	6.0	
10640.0	6.0	
10641.0	6.0	
10642.0	5.0	
10643.0	6.0	
10644.0	6.0	
10645.0	6.0	
10646.0	6.0	
10647.0	5.0	
10648.0	5.0	
10649.0	6.0	
10650.0	3.0	
10651.0	6.0	
10652.0	6.0	
10653.0	4.0	
10654.0	6.0	
10655.0	3.0	
10656.0	3.0	
10657.0	5.0	
10658.0	3.0	
10659.0	4.0	
10660.0	5.0	
10661.0	3.0	
10662.0	5.0	
10663.0	3.0	
10664.0	3.0	
10665.0	3.0	
10666.0	3.0	
10667.0	3.0	
10668.0	5.0	
10669.0	3.0	
10670.0	3.0	
10671.0	3.0	
10672.0	3.0	
10673.0	3.0	
10674.0	3.0	
10675.0	3.0	
10676.0	3.0	
10677.0	3.0	
10678.0	3.0	
10679.0	3.0	
10680.0	3.0	
10681.0	3.0	
10682.0	2.0	
10683.0	3.0	
10684.0	3.0	
10685.0	2.0	
10686.0	3.0	
10687.0	3.0	
10688.0	3.0	
10689.0	3.0	
10690.0	3.0	
10691.0	2.0	
10692.0	3.0	
10693.0	2.0	
10694.0	3.0	
10695.0	2.0	
10696.0	2.0	
10697.0	2.0	
10698.0	2.0	
10699.0	2.0	
10700.0	3.0	
10701.0	2.0	
10702.0	2.0	
10703.0	2.0	
10704.0	2.0	
10705.0	2.0	
10706.0	2.0	
10707.0	2.0	
10708.0	2.0	
10709.0	2.0	
10710.0	2.0	
10711.0	2.0	
10712.0	2.0	
10713.0	2.0	
10714.0	2.0	
10715.0	1.0	
10716.0	2.0	
10717.0	1.0	
10718.0	2.0	
10719.0	2.0	
10720.0	0.0	
10721.0	2.0	
10722.0	2.0	
10723.0	1.0	
10724.0	2.0	
10725.0	1.0	
10726.0	1.0	
10727.0	2.0	
10728.0	0.0	
10729.0	2.0	
10730.0	2.0	
10731.0	0.0	
10732.0	2.0	
10733.0	0.0	
10734.0	0.0	
10735.0	2.0	
10736.0	0.0	
10737.0	1.0	
10738.0	1.0	
10739.0	0.0	
10740.0	2.0	
10741.0	0.0	
10742.0	0.0	
10743.0	0.0	
10744.0	0.0	
10745.0	0.0	
10746.0	0.0	
10747.0	0.0	
10748.0	0.0	
10749.0	0.0	
10750.0	0.0	
10751.0	0.0	
10752.0	0.0	
10753.0	0.0	
10754.0	0.0	
10755.0	0.0	
10756.0	0.0	
10757.0	0.0	
10758.0	0.0	
10759.0	0.0	
10760.0	0.0	
10761.0	0.0	
10762.0	0.0	
10763.0	0.0	
10764.0	0.0	
10765.0	0.0	
10766.0	0.0	
10767.0	0.0	
10768.0	0.0	
10769.0	0.0	
10770.0	0.0	
10771.0	0.0	
10772.0	0.0	
10773.0	0.0	
10774.0	0.0	
10775.0	0.0	
10776.0	0.0	
10777.0	0.0	
10778.0	0.0	
10779.0	0.0	
10780.0	0.0	
10781.0	0.0	
10782.0	0.0	
10783.0	0.0	
10784.0	0.0	
10785.0	0.0	
10786.0	0.0	
10787.0	0.0	
10788.0	0.0	
10789.0	0.0	
10790.0	0.0	
10791.0	0.0	
10792.0	0.0	
10793.0	0.0	
10794.0	0.0	
10795.0	0.0	
10796.0	0.0	
10797.0	0.0	
10798.0	0.0	
10799.0	0.0	
10800.0	0.0	
10801.0	0.0	
10802.0	0.0	
10803.0	0.0	
10804.0	0.0	
10805.0	0.0	
10806.0	0.0	
10807.0	0.0	
10808.0	0.0	
10809.0	0.0	
10810.0	0.0	
10811.0	0.0	
10812.0	0.0	
10813.0	0.0	
10814.0	0.0	
10815.0	0.0	
10816.0	0.0	
10817.0	0.0	
10818.0	0.0	
10819.0	0.0	
10820.0	0.0	
10821.0	0.0	
10822.0	0.0	
10823.0	0.0	
10824.0	0.0	
10825.0	0.0	
10826.0	0.0	
10827.0	0.0	
10828.0	0.0	
10829.0	0.0	
10830.0	0.0	
10831.0	0.0	
10832.0	0.0	
10833.0	0.0	
10834.0	0.0	
10835.0	0.0	
10836.0	0.0	
10837.0	0.0	
10838.0	0.0	
10839.0	0.0	
10840.0	0.0	
10841.0	0.0	
10842.0	0.0	
10843.0	0.0	
10844.0	0.0	
10845.0	0.0	
10846.0	0.0	
10847.0	0.0	
10848.0	0.0	
10849.0	0.0	
10850.0	0.0	
10851.0	0.0	
10852.0	0.0	
10853.0	0.0	
10854.0	0.0	
10855.0	0.0	
10856.0	0.0	
10857.0	0.0	
10858.0	0.0	
10859.0	0.0	
10860.0	0.0	
10861.0	0.0	
10862.0	0.0	
10863.0	0.0	
10864.0	0.0	
10865.0	0.0	
10866.0	0.0	
10867.0	0.0	
10868.0	0.0	
10869.0	0.0	
10870.0	0.0	
10871.0	0.0	
10872.0	0.0	
10873.0	0.0	
10874.0	0.0	
10875.0	0.0	
10876.0	0.0	
10877.0	0.0	
10878.0	0.0	
10879.0	0.0	
10880.0	0.0	
10881.0	0.0	
10882.0	0.0	
10883.0	0.0	
10884.0	0.0	
10885.0	0.0	
10886.0	0.0	
10887.0	0.0	
10888.0	0.0	
10889.0	0.0	
10890.0	0.0	
10891.0	0.0	
10892.0	0.0	
10893.0	0.0	
10894.0	0.0	
10895.0	0.0	
10896.0	0.0	
10897.0	0.0	
10898.0	0.0	
10899.0	0.0	
10900.0	0.0	
10901.0	0.0	
10902.0	0.0	
10903.0	0.0	
10904.0	0.0	
10905.0	0.0	
10906.0	0.0	
10907.0	0.0	
10908.0	0.0	
10909.0	0.0	
10910.0	0.0	
10911.0	0.0	
10912.0	0.0	
10913.0	0.0	
10914.0	0.0	
10915.0	0.0	
10916.0	0.0	
10917.0	0.0	
10918.0	0.0	
10919.0	0.0	
10920.0	0.0	
10921.0	0.0	
10922.0	0.0	
10923.0	0.0	
10924.0	0.0	
10925.0	0.0	
10926.0	0.0	
10927.0	0.0	
10928.0	0.0	
10929.0	0.0	
10930.0	0.0	
10931.0	0.0	
10932.0	0.0	
10933.0	0.0	
10934.0	0.0	
10935.0	0.0	
10936.0	0.0	
10937.0	0.0	
10938.0	0.0	
10939.0	0.0	
10940.0	0.0	
10941.0	0.0	
10942.0	0.0	
10943.0	0.0	
10944.0	0.0	
10945.0	0.0	
10946.0	0.0	
10947.0	0.0	
10948.0	0.0	
10949.0	0.0	
10950.0	0.0	
10951.0	0.0	
10952.0	0.0	
10953.0	0.0	
10954.0	0.0	
10955.0	0.0	
10956.0	0.0	
10957.0	0.0	
10958.0	0.0	
10959.0	0.0	
10960.0	0.0	
10961.0	0.0	
10962.0	0.0	
10963.0	0.0	
10964.0	0.0	
10965.0	0.0	
10966.0	0.0	
10967.0	0.0	
10968.0	0.0	
10969.0	0.0	
10970.0	0.0	
10971.0	0.0	
10972.0	0.0	
10973.0	0.0	
10974.0	0.0	
10975.0	0.0	
10976.0	0.0	
10977.0	0.0	
10978.0	0.0	
10979.0	0.0	
10980.0	0.0	
10981.0	0.0	
10982.0	0.0	
10983.0	0.0	
10984.0	0.0	
10985.0	0.0	
10986.0	0.0	
10987.0	0.0	
10988.0	0.0	
10989.0	0.0	
10990.0	0.0	
10991.0	0.0	
10992.0	0.0	
10993.0	0.0	
10994.0	0.0	
10995.0	0.0	
10996.0	0.0	
10997.0	0.0	
10998.0	0.0	
10999.0	0.0	
11000.0	0.0	
11001.0	0.0	
11002.0	0.0	
11003.0	0.0	
11004.0	0.0	
11005.0	0.0	
11006.0	0.0	
11007.0	0.0	
11008.0	0.0	
11009.0	0.0	
11010.0	0.0	
11011.0	0.0	
11012.0	0.0	
11013.0	0.0	
11014.0	0.0	
11015.0	0.0	
11016.0	0.0	
11017.0	0.0	
11018.0	0.0	
11019.0	0.0	
11020.0	0.0	
11021.0	0.0	
11022.0	0.0	
11023.0	0.0	
11024.0	0.0	
11025.0	0.0	
11026.0	0.0	
11027.0	0.0	
11028.0	0.0	
11029.0	0.0	
11030.0	0.0	
11031.0	0.0	
11032.0	0.0	
11033.0	0.0	
11034.0	0.0	
11035.0	0.0	
11036.0	0.0	
11037.0	0.0	
11038.0	0.0	
11039.0	0.0	
11040.0	0.0	
11041.0	0.0	
11042.0	0.0	
11043.0	0.0	
11044.0	0.0	
11045.0	0.0	
11046.0	0.0	
11047.0	0.0	
11048.0	0.0	
11049.0	0.0	
11050.0	0.0	
11051.0	0.0	
11052.0	0.0	
11053.0	0.0	
11054.0	0.0	
11055.0	0.0	
11056.0	0.0	
11057.0	0.0	
11058.0	0.0	
11059.0	0.0	
11060.0	0.0	
11061.0	0.0	
11062.0	0.0	
11063.0	0.0	
11064.0	0.0	
11065.0	0.0	
11066.0	0.0	
11067.0	0.0	
11068.0	0.0	
11069.0	0.0	
11070.0	0.0	
11071.0	0.0	
11072.0	0.0	
11073.0	0.0	
11074.0	0.0	
11075.0	0.0	
11076.0	0.0	
11077.0	0.0	
11078.0	0.0	
11079.0	0.0	
11080.0	0.0	
11081.0	0.0	
11082.0	0.0	
11083.0	0.0	
11084.0	0.0	
11085.0	0.0	
11086.0	0.0	
11087.0	0.0	
11088.0	0.0	
11089.0	0.0	
11090.0	0.0	
11091.0	0.0	
11092.0	0.0	
11093.0	0.0	
11094.0	0.0	
11095.0	0.0	
11096.0	0.0	
11097.0	0.0	
11098.0	0.0	
11099.0	0.0	
11100.0	0.0	
11101.0	0.0	
11102.0	0.0	
11103.0	0.0	
11104.0	0.0	
11105.0	0.0	
11106.0	0.0	
11107.0	0.0	
11108.0	0.0	
11109.0	0.0	
11110.0	0.0	
11111.0	0.0	
11112.0	0.0	
11113.0	0.0	
11114.0	0.0	
11115.0	0.0	
11116.0	0.0	
11117.0	0.0	
11118.0	0.0	
11119.0	0.0	
11120.0	0.0	
11121.0	0.0	
11122.0	0.0	
11123.0	0.0	
11124.0	0.0	
11125.0	0.0	
11126.0	0.0	
11127.0	0.0	
11128.0	0.0	
11129.0	0.0	
11130.0	0.0	
11131.0	0.0	
11132.0	0.0	
11133.0	0.0	
11134.0	0.0	
11135.0	0.0	
11136.0	0.0	
11137.0	0.0	
11138.0	0.0	
11139.0	0.0	
11140.0	0.0	
11141.0	0.0	
11142.0	0.0	
11143.0	0.0	
11144.0	0.0	
11145.0	0.0	
11146.0	0.0	
11147.0	0.0	
11148.0	0.0	
11149.0	0.0	
11150.0	0.0	
11151.0	0.0	
11152.0	0.0	
11153.0	0.0	
11154.0	0.0	
11155.0	0.0	
11156.0	0.0	
11157.0	0.0	
11158.0	0.0	
11159.0	0.0	
11160.0	0.0	
11161.0	0.0	
11162.0	0.0	
11163.0	0.0	
11164.0	0.0	
11165.0	0.0	
11166.0	0.0	
11167.0	0.0	
11168.0	0.0	
11169.0	0.0	
11170.0	0.0	
11171.0	0.0	
11172.0	0.0	
11173.0	0.0	
11174.0	0.0	
11175.0	0.0	
11176.0	0.0	
11177.0	0.0	
11178.0	0.0	
11179.0	0.0	
11180.0	0.0	
11181.0	0.0	
11182.0	0.0	
11183.0	0.0	
11184.0	0.0	
11185.0	0.0	
11186.0	0.0	
11187.0	0.0	
11188.0	0.0	
11189.0	0.0	
11190.0	0.0	
11191.0	0.0	
11192.0	0.0	
11193.0	0.0	
11194.0	0.0	
11195.0	0.0	
11196.0	0.0	
11197.0	0.0	
11198.0	0.0	
11199.0	0.0	
11200.0	0.0	
11201.0	0.0	
11202.0	0.0	
11203.0	0.0	
11204.0	0.0	
11205.0	0.0	
11206.0	0.0	
11207.0	0.0	
11208.0	0.0	
11209.0	0.0	
11210.0	0.0	
11211.0	0.0	
11212.0	0.0	
11213.0	0.0	
11214.0	0.0	
11215.0	0.0	
11216.0	0.0	
11217.0	0.0	
11218.0	0.0	
11219.0	0.0	
11220.0	0.0	
11221.0	0.0	
11222.0	0.0	
11223.0	0.0	
11224.0	0.0	
11225.0	0.0	
11226.0	0.0	
11227.0	0.0	
11228.0	0.0	
11229.0	0.0	
11230.0	0.0	
11231.0	0.0	
11232.0	0.0	
11233.0	0.0	
11234.0	0.0	
11235.0	0.0	
11236.0	0.0	
11237.0	0.0	
11238.0	0.0	
11239.0	0.0	
11240.0	0.0	
11241.0	0.0	
11242.0	0.0	
11243.0	0.0	
11244.0	0.0	
11245.0	0.0	
11246.0	0.0	
11247.0	0.0	
11248.0	0.0	
11249.0	0.0	
11250.0	0.0	
11251.0	0.0	
11252.0	0.0	
11253.0	0.0	
11254.0	0.0	
11255.0	0.0	
11256.0	0.0	
11257.0	0.0	
11258.0	0.0	
11259.0	0.0	
11260.0	0.0	
11261.0	0.0	
11262.0	0.0	
11263.0	0.0	
11264.0	0.0	
11265.0	0.0	
11266.0	0.0	
11267.0	0.0	
11268.0	0.0	
11269.0	0.0	
11270.0	0.0	
11271.0	0.0	
11272.0	0.0	
11273.0	0.0	
11274.0	0.0	
11275.0	0.0	
11276.0	0.0	
11277.0	0.0	
11278.0	0.0	
11279.0	0.0	
11280.0	0.0	
11281.0	0.0	
11282.0	0.0	
11283.0	0.0	
11284.0	0.0	
11285.0	0.0	
11286.0	0.0	
11287.0	0.0	
11288.0	0.0	
11289.0	0.0	
11290.0	0.0	
11291.0	0.0	
11292.0	0.0	
11293.0	0.0	
11294.0	0.0	
11295.0	0.0	
11296.0	0.0	
11297.0	0.0	
11298.0	0.0	
11299.0	0.0	
11300.0	0.0	
11301.0	0.0	
11302.0	0.0	
11303.0	0.0	
11304.0	0.0	
11305.0	0.0	
11306.0	0.0	
11307.0	0.0	
11308.0	0.0	
11309.0	0.0	
11310.0	0.0	
11311.0	0.0	
11312.0	0.0	
11313.0	0.0	
11314.0	0.0	
11315.0	0.0	
11316.0	0.0	
11317.0	0.0	
11318.0	0.0	
11319.0	0.0	
11320.0	0.0	
11321.0	0.0	
11322.0	0.0	
11323.0	0.0	
11324.0	0.0	
11325.0	0.0	
11326.0	0.0	
11327.0	0.0	
11328.0	0.0	
11329.0	0.0	
11330.0	0.0	
11331.0	0.0	
11332.0	0.0	
11333.0	0.0	
11334.0	0.0	
11335.0	0.0	
11336.0	0.0	
11337.0	0.0	
11338.0	0.0	
11339.0	0.0	
11340.0	0.0	
11341.0	0.0	
11342.0	0.0	
11343.0	0.0	
11344.0	0.0	
11345.0	0.0	
11346.0	0.0	
11347.0	0.0	
11348.0	0.0	
11349.0	0.0	
11350.0	0.0	
11351.0	0.0	
11352.0	0.0	
11353.0	0.0	
11354.0	0.0	
11355.0	0.0	
11356.0	0.0	
11357.0	0.0	
11358.0	0.0	
11359.0	0.0	
11360.0	0.0	
11361.0	0.0	
11362.0	0.0	
11363.0	0.0	
11364.0	0.0	
11365.0	0.0	
11366.0	0.0	
11367.0	0.0	
11368.0	0.0	
11369.0	0.0	
11370.0	0.0	
11371.0	0.0	
11372.0	0.0	
11373.0	0.0	
11374.0	0.0	
11375.0	0.0	
11376.0	0.0	
11377.0	0.0	
11378.0	0.0	
11379.0	0.0	
11380.0	0.0	
11381.0	0.0	
11382.0	0.0	
11383.0	0.0	
11384.0	0.0	
11385.0	0.0	
11386.0	0.0	
11387.0	0.0	
11388.0	0.0	
11389.0	0.0	
11390.0	0.0	
11391.0	0.0	
11392.0	0.0	
11393.0	0.0	
11394.0	0.0	
11395.0	0.0	
11396.0	0.0	
11397.0	0.0	
11398.0	0.0	
11399.0	0.0	
11400.0	0.0	
11401.0	0.0	
11402.0	0.0	
11403.0	0.0	
11404.0	0.0	
11405.0	0.0	
11406.0	0.0	
11407.0	0.0	
11408.0	0.0	
11409.0	0.0	
11410.0	0.0	
11411.0	0.0	
11412.0	0.0	
11413.0	0.0	
11414.0	0.0	
11415.0	0.0	
11416.0	0.0	
11417.0	0.0	
11418.0	0.0	
11419.0	0.0	
11420.0	0.0	
11421.0	0.0	
11422.0	0.0	
11423.0	0.0	
11424.0	0.0	
11425.0	0.0	
11426.0	0.0	
11427.0	0.0	
11428.0	0.0	
11429.0	0.0	
11430.0	0.0	
11431.0	0.0	
11432.0	0.0	
11433.0	0.0	
11434.0	0.0	
11435.0	0.0	
11436.0	0.0	
11437.0	0.0	
11438.0	0.0	
11439.0	0.0	
11440.0	0.0	
11441.0	0.0	
11442.0	0.0	
11443.0	0.0	
11444.0	0.0	
11445.0	0.0	
11446.0	0.0	
11447.0	0.0	
11448.0	0.0	
11449.0	0.0	
11450.0	0.0	
11451.0	0.0	
11452.0	0.0	
11453.0	0.0	
11454.0	0.0	
11455.0	0.0	
11456.0	0.0	
11457.0	0.0	
11458.0	0.0	
11459.0	0.0	
11460.0	0.0	
11461.0	0.0	
11462.0	0.0	
11463.0	0.0	
11464.0	0.0	
11465.0	0.0	
11466.0	0.0	
11467.0	0.0	
11468.0	0.0	
11469.0	0.0	
11470.0	0.0	
11471.0	0.0	
11472.0	0.0	
11473.0	0.0	
11474.0	0.0	
11475.0	0.0	
11476.0	0.0	
11477.0	0.0	
11478.0	0.0	
11479.0	0.0	
11480.0	0.0	
11481.0	0.0	
11482.0	0.0	
11483.0	0.0	
11484.0	0.0	
11485.0	0.0	
11486.0	0.0	
11487.0	0.0	
11488.0	0.0	
11489.0	0.0	
11490.0	0.0	
11491.0	0.0	
11492.0	0.0	
11493.0	0.0	
11494.0	0.0	
11495.0	0.0	
11496.0	0.0	
11497.0	0.0	
11498.0	0.0	
11499.0	0.0	
11500.0	0.0	
11501.0	0.0	
11502.0	0.0	
11503.0	0.0	
11504.0	0.0	
11505.0	0.0	
11506.0	0.0	
11507.0	0.0	
11508.0	0.0	
11509.0	0.0	
11510.0	0.0	
11511.0	0.0	
11512.0	0.0	
11513.0	0.0	
11514.0	0.0	
11515.0	0.0	
11516.0	0.0	
11517.0	0.0	
11518.0	0.0	
11519.0	0.0	
11520.0	0.0	
11521.0	0.0	
11522.0	0.0	
11523.0	0.0	
11524.0	0.0	
11525.0	0.0	
11526.0	0.0	
11527.0	0.0	
11528.0	0.0	
11529.0	0.0	
11530.0	0.0	
11531.0	0.0	
11532.0	0.0	
11533.0	0.0	
11534.0	0.0	
11535.0	0.0	
11536.0	0.0	
11537.0	0.0	
11538.0	0.0	
11539.0	0.0	
11540.0	0.0	
11541.0	0.0	
11542.0	0.0	
11543.0	0.0	
11544.0	0.0	
11545.0	0.0	
11546.0	0.0	
11547.0	0.0	
11548.0	0.0	
11549.0	0.0	
11550.0	0.0	
11551.0	0.0	
11552.0	0.0	
11553.0	0.0	
11554.0	0.0	
11555.0	0.0	
11556.0	0.0	
11557.0	0.0	
11558.0	0.0	
11559.0	0.0	
11560.0	0.0	
11561.0	0.0	
11562.0	0.0	
11563.0	0.0	
11564.0	0.0	
11565.0	0.0	
11566.0	0.0	
11567.0	0.0	
11568.0	0.0	
11569.0	0.0	
11570.0	0.0	
11571.0	0.0	
11572.0	0.0	
11573.0	0.0	
11574.0	0.0	
11575.0	0.0	
11576.0	0.0	
11577.0	0.0	
11578.0	0.0	
11579.0	0.0	
11580.0	0.0	
11581.0	0.0	
11582.0	0.0	
11583.0	0.0	
11584.0	0.0	
11585.0	0.0	
11586.0	0.0	
11587.0	0.0	
11588.0	0.0	
11589.0	0.0	
11590.0	0.0	
11591.0	0.0	
11592.0	0.0	
11593.0	0.0	
11594.0	0.0	
11595.0	0.0	
11596.0	0.0	
11597.0	0.0	
11598.0	0.0	
11599.0	0.0	
11600.0	0.0	
11601.0	0.0	
11602.0	0.0	
11603.0	0.0	
11604.0	0.0	
11605.0	0.0	
11606.0	0.0	
11607.0	0.0	
11608.0	0.0	
11609.0	0.0	
11610.0	0.0	
11611.0	0.0	
11612.0	0.0	
11613.0	0.0	
11614.0	0.0	
11615.0	0.0	
11616.0	0.0	
11617.0	0.0	
11618.0	0.0	
11619.0	0.0	
11620.0	0.0	
11621.0	0.0	
11622.0	0.0	
11623.0	0.0	
11624.0	0.0	
11625.0	0.0	
11626.0	0.0	
11627.0	0.0	
11628.0	0.0	
11629.0	0.0	
11630.0	0.0	
11631.0	0.0	
11632.0	0.0	
11633.0	0.0	
11634.0	0.0	
11635.0	0.0	
11636.0	0.0	
11637.0	0.0	
11638.0	0.0	
11639.0	0.0	
11640.0	0.0	
11641.0	0.0	
11642.0	0.0	
11643.0	0.0	
11644.0	0.0	
11645.0	0.0	
11646.0	0.0	
11647.0	0.0	
11648.0	0.0	
11649.0	0.0	
11650.0	0.0	
11651.0	0.0	
11652.0	0.0	
11653.0	0.0	
11654.0	0.0	
11655.0	0.0	
11656.0	0.0	
11657.0	0.0	
11658.0	0.0	
11659.0	0.0	
11660.0	0.0	
11661.0	0.0	
11662.0	0.0	
11663.0	0.0	
11664.0	0.0	
11665.0	0.0	
11666.0	0.0	
11667.0	0.0	
11668.0	0.0	
11669.0	0.0	
11670.0	0.0	
11671.0	0.0	
11672.0	0.0	
11673.0	0.0	
11674.0	0.0	
11675.0	0.0	
11676.0	0.0	
11677.0	0.0	
11678.0	0.0	
11679.0	0.0	
11680.0	0.0	
11681.0	0.0	
11682.0	0.0	
11683.0	0.0	
11684.0	0.0	
11685.0	0.0	
11686.0	0.0	
11687.0	0.0	
11688.0	0.0	
11689.0	0.0	
11690.0	0.0	
11691.0	0.0	
11692.0	0.0	
11693.0	0.0	
11694.0	0.0	
11695.0	0.0	
11696.0	0.0	
11697.0	0.0	
11698.0	0.0	
11699.0	0.0	
11700.0	0.0	
11701.0	0.0	
11702.0	0.0	
11703.0	0.0	
11704.0	0.0	
11705.0	0.0	
11706.0	0.0	
11707.0	0.0	
11708.0	0.0	
11709.0	0.0	
11710.0	0.0	
11711.0	0.0	
11712.0	0.0	
11713.0	0.0	
11714.0	0.0	
11715.0	0.0	
11716.0	0.0	
11717.0	0.0	
11718.0	0.0	
11719.0	0.0	
11720.0	0.0	
11721.0	0.0	
11722.0	0.0	
11723.0	0.0	
11724.0	0.0	
11725.0	0.0	
11726.0	0.0	
11727.0	0.0	
11728.0	0.0	
11729.0	0.0	
11730.0	0.0	
11731.0	0.0	
11732.0	0.0	
11733.0	0.0	
11734.0	0.0	
11735.0	0.0	
11736.0	0.0	
11737.0	0.0	
11738.0	0.0	
11739.0	0.0	
11740.0	0.0	
11741.0	0.0	
11742.0	0.0	
11743.0	0.0	
11744.0	0.0	
11745.0	0.0	
11746.0	0.0	
11747.0	0.0	
11748.0	0.0	
11749.0	0.0	
11750.0	0.0	
11751.0	0.0	
11752.0	0.0	
11753.0	0.0	
11754.0	0.0	
11755.0	0.0	
11756.0	0.0	
11757.0	0.0	
11758.0	0.0	
11759.0	0.0	
11760.0	0.0	
11761.0	0.0	
11762.0	0.0	
11763.0	0.0	
11764.0	0.0	
11765.0	0.0	
11766.0	0.0	
11767.0	0.0	
11768.0	0.0	
11769.0	0.0	
11770.0	0.0	
11771.0	0.0	
11772.0	0.0	
11773.0	0.0	
11774.0	0.0	
11775.0	0.0	
11776.0	0.0	
11777.0	0.0	
11778.0	0.0	
11779.0	0.0	
11780.0	0.0	
11781.0	0.0	
11782.0	0.0	
11783.0	0.0	
11784.0	0.0	
11785.0	0.0	
11786.0	0.0	
11787.0	0.0	
11788.0	0.0	
11789.0	0.0	
11790.0	0.0	
11791.0	0.0	
11792.0	0.0	
11793.0	0.0	
11794.0	0.0	
11795.0	0.0	
11796.0	0.0	
11797.0	0.0	
11798.0	0.0	
11799.0	0.0	
11800.0	0.0	
11801.0	0.0	
11802.0	0.0	
11803.0	0.0	
11804.0	0.0	
11805.0	0.0	
11806.0	0.0	
11807.0	0.0	
11808.0	0.0	
11809.0	0.0	
11810.0	0.0	
11811.0	0.0	
11812.0	0.0	
11813.0	0.0	
11814.0	0.0	
11815.0	0.0	
11816.0	0.0	
11817.0	0.0	
11818.0	0.0	
11819.0	0.0	
11820.0	0.0	
11821.0	0.0	
11822.0	0.0	
11823.0	0.0	
11824.0	0.0	
11825.0	0.0	
11826.0	0.0	
11827.0	0.0	
11828.0	0.0	
11829.0	0.0	
11830.0	0.0	
11831.0	0.0	
11832.0	0.0	
11833.0	0.0	
11834.0	0.0	
11835.0	0.0	
11836.0	0.0	
11837.0	0.0	
11838.0	0.0	
11839.0	0.0	
11840.0	0.0	
11841.0	0.0	
11842.0	0.0	
11843.0	0.0	
11844.0	0.0	
11845.0	0.0	
11846.0	0.0	
11847.0	0.0	
11848.0	0.0	
11849.0	0.0	
11850.0	0.0	
11851.0	0.0	
11852.0	0.0	
11853.0	0.0	
11854.0	0.0	
11855.0	0.0	
11856.0	0.0	
11857.0	0.0	
11858.0	0.0	
11859.0	0.0	
11860.0	0.0	
11861.0	0.0	
11862.0	0.0	
11863.0	0.0	
11864.0	0.0	
11865.0	0.0	
11866.0	0.0	
11867.0	0.0	
11868.0	0.0	
11869.0	0.0	
11870.0	0.0	
11871.0	0.0	
11872.0	0.0	
11873.0	0.0	
11874.0	0.0	
11875.0	0.0	
11876.0	0.0	
11877.0	0.0	
11878.0	0.0	
11879.0	0.0	
11880.0	0.0	
11881.0	0.0	
11882.0	0.0	
11883.0	0.0	
11884.0	0.0	
11885.0	0.0	
11886.0	0.0	
11887.0	0.0	
11888.0	0.0	
11889.0	0.0	
11890.0	0.0	
11891.0	0.0	
11892.0	0.0	
11893.0	0.0	
11894.0	0.0	
11895.0	0.0	
11896.0	0.0	
11897.0	0.0	
11898.0	0.0	
11899.0	0.0	
11900.0	0.0	
11901.0	0.0	
11902.0	0.0	
11903.0	0.0	
11904.0	0.0	
11905.0	0.0	
11906.0	0.0	
11907.0	0.0	
11908.0	0.0	
11909.0	0.0	
11910.0	0.0	
11911.0	0.0	
11912.0	0.0	
11913.0	0.0	
11914.0	0.0	
11915.0	0.0	
11916.0	0.0	
11917.0	0.0	
11918.0	0.0	
11919.0	0.0	
11920.0	0.0	
11921.0	0.0	
11922.0	0.0	
11923.0	0.0	
11924.0	0.0	
11925.0	0.0	
11926.0	0.0	
11927.0	0.0	
11928.0	0.0	
11929.0	0.0	
11930.0	0.0	
11931.0	0.0	
11932.0	0.0	
11933.0	0.0	
11934.0	0.0	
11935.0	0.0	
11936.0	0.0	
11937.0	0.0	
11938.0	0.0	
11939.0	0.0	
11940.0	0.0	
11941.0	0.0	
11942.0	0.0	
11943.0	0.0	
11944.0	0.0	
11945.0	0.0	
11946.0	0.0	
11947.0	0.0	
11948.0	0.0	
11949.0	0.0	
11950.0	0.0	
11951.0	0.0	
11952.0	0.0	
11953.0	0.0	
11954.0	0.0	
11955.0	0.0	
11956.0	0.0	
11957.0	0.0	
11958.0	0.0	
11959.0	0.0	
11960.0	0.0	
11961.0	0.0	
11962.0	0.0	
11963.0	0.0	
11964.0	0.0	
11965.0	0.0	
11966.0	0.0	
11967.0	0.0	
11968.0	0.0	
11969.0	0.0	
11970.0	0.0	
11971.0	0.0	
11972.0	0.0	
11973.0	0.0	
11974.0	0.0	
11975.0	0.0	
11976.0	0.0	
11977.0	0.0	
11978.0	0.0	
11979.0	0.0	
11980.0	0.0	
11981.0	0.0	
11982.0	0.0	
11983.0	0.0	
11984.0	0.0	
11985.0	0.0	
11986.0	0.0	
11987.0	0.0	
11988.0	0.0	
11989.0	0.0	
11990.0	0.0	
11991.0	0.0	
11992.0	0.0	
11993.0	0.0	
11994.0	0.0	
11995.0	0.0	
11996.0	0.0	
11997.0	0.0	
11998.0	0.0	
11999.0	0.0	
12000.0	0.0	
